percentage,metric,value
5,loss,1.42462407332068
5,accuracy,0.4894747100672449
5,f1_score,0.3904038583205734
5,confusion_matrix,"[[7.49404478e-01 0.00000000e+00 2.44878514e-01 4.76417342e-04
  9.52834683e-04 3.81133873e-03 0.00000000e+00 0.00000000e+00
  0.00000000e+00 0.00000000e+00 0.00000000e+00 0.00000000e+00
  0.00000000e+00 0.00000000e+00 4.76417342e-04 0.00000000e+00
  0.00000000e+00 0.00000000e+00]
 [8.95088221e-01 0.00000000e+00 5.67477349e-02 4.76871722e-04
  0.00000000e+00 4.76871722e-02 0.00000000e+00 0.00000000e+00
  0.00000000e+00 0.00000000e+00 0.00000000e+00 0.00000000e+00
  0.00000000e+00 0.00000000e+00 0.00000000e+00 0.00000000e+00
  0.00000000e+00 0.00000000e+00]
 [1.26108374e-01 0.00000000e+00 7.15763547e-01 6.89655172e-02
  4.48275862e-02 2.06896552e-02 2.06896552e-02 1.97044335e-03
  0.00000000e+00 0.00000000e+00 4.92610837e-04 0.00000000e+00
  0.00000000e+00 0.00000000e+00 0.00000000e+00 0.00000000e+00
  4.92610837e-04 0.00000000e+00]
 [4.53514739e-04 0.00000000e+00 2.76643991e-02 6.82993197e-01
  4.44444444e-02 9.07029478e-04 8.02721088e-02 7.52834467e-02
  0.00000000e+00 3.62811791e-03 3.17460317e-03 1.31519274e-02
  5.89569161e-03 6.80272109e-03 0.00000000e+00 3.58276644e-02
  1.58730159e-02 3.62811791e-03]
 [1.32978723e-03 0.00000000e+00 6.91489362e-02 6.25000000e-02
  7.01462766e-01 1.06382979e-02 3.65691489e-02 5.28590426e-02
  2.99202128e-03 1.16356383e-02 2.82579787e-02 8.97606383e-03
  2.65957447e-03 6.64893617e-04 1.32978723e-03 6.98138298e-03
  1.99468085e-03 0.00000000e+00]
 [5.41472507e-01 0.00000000e+00 1.47250699e-01 1.39794967e-03
  9.31966449e-04 3.08480895e-01 4.65983225e-04 0.00000000e+00
  0.00000000e+00 0.00000000e+00 0.00000000e+00 0.00000000e+00
  0.00000000e+00 0.00000000e+00 0.00000000e+00 0.00000000e+00
  0.00000000e+00 0.00000000e+00]
 [1.12866817e-03 0.00000000e+00 4.68397291e-02 1.88487585e-01
  1.12866817e-01 8.46501129e-03 4.95485327e-01 8.06997743e-02
  0.00000000e+00 3.95033860e-03 3.49887133e-02 6.20767494e-03
  1.69300226e-03 2.82167043e-03 0.00000000e+00 1.07223476e-02
  3.95033860e-03 1.69300226e-03]
 [0.00000000e+00 0.00000000e+00 7.82190132e-03 1.44404332e-01
  1.79903730e-01 0.00000000e+00 1.26353791e-01 3.42960289e-01
  1.20336943e-03 2.70758123e-02 8.12274368e-02 2.94825511e-02
  3.61010830e-03 4.81347774e-03 0.00000000e+00 2.70758123e-02
  2.10589651e-02 3.00842359e-03]
 [0.00000000e+00 1.58478605e-03 7.92393027e-03 1.90174326e-02
  3.48652932e-02 0.00000000e+00 4.75435816e-03 3.48652932e-02
  5.73692552e-01 1.58478605e-02 1.58478605e-03 3.96196513e-02
  3.16957211e-03 3.16957211e-03 1.29952456e-01 2.21870048e-02
  1.03011094e-01 4.75435816e-03]
 [0.00000000e+00 0.00000000e+00 0.00000000e+00 9.92366412e-02
  1.90839695e-01 0.00000000e+00 1.22137405e-01 2.90076336e-01
  0.00000000e+00 1.83206107e-01 4.58015267e-02 1.90839695e-02
  1.14503817e-02 0.00000000e+00 0.00000000e+00 3.05343511e-02
  3.81679389e-03 3.81679389e-03]
 [1.49031297e-03 0.00000000e+00 4.91803279e-02 4.76900149e-02
  2.89120715e-01 1.49031297e-03 1.66915052e-01 7.89865872e-02
  0.00000000e+00 7.45156483e-03 3.50223547e-01 0.00000000e+00
  2.98062593e-03 0.00000000e+00 0.00000000e+00 2.98062593e-03
  1.49031297e-03 0.00000000e+00]
 [1.94174757e-03 0.00000000e+00 0.00000000e+00 3.49514563e-02
  7.76699029e-03 0.00000000e+00 5.82524272e-03 4.66019417e-02
  1.94174757e-02 3.88349515e-03 1.94174757e-03 5.26213592e-01
  1.94174757e-02 4.07766990e-02 1.94174757e-03 1.24271845e-01
  1.51456311e-01 1.35922330e-02]
 [0.00000000e+00 0.00000000e+00 0.00000000e+00 4.88888889e-02
  3.11111111e-02 0.00000000e+00 2.22222222e-02 2.17777778e-01
  0.00000000e+00 8.88888889e-03 1.77777778e-02 4.88888889e-02
  2.57777778e-01 1.33333333e-02 5.77777778e-02 1.15555556e-01
  1.20000000e-01 4.00000000e-02]
 [0.00000000e+00 0.00000000e+00 0.00000000e+00 1.07476636e-01
  0.00000000e+00 0.00000000e+00 3.27102804e-02 8.41121495e-02
  1.86915888e-02 9.34579439e-03 9.34579439e-03 2.47663551e-01
  4.67289720e-03 1.68224299e-01 4.67289720e-03 1.30841121e-01
  1.58878505e-01 2.33644860e-02]
 [0.00000000e+00 0.00000000e+00 0.00000000e+00 0.00000000e+00
  0.00000000e+00 0.00000000e+00 0.00000000e+00 5.20833333e-03
  2.08333333e-01 1.04166667e-02 5.20833333e-03 2.60416667e-02
  0.00000000e+00 0.00000000e+00 6.61458333e-01 0.00000000e+00
  6.77083333e-02 1.56250000e-02]
 [0.00000000e+00 0.00000000e+00 0.00000000e+00 4.57516340e-02
  1.30718954e-02 0.00000000e+00 3.26797386e-02 3.26797386e-02
  3.92156863e-02 6.53594771e-03 0.00000000e+00 2.87581699e-01
  1.96078431e-02 3.92156863e-02 5.88235294e-02 2.28758170e-01
  1.76470588e-01 1.96078431e-02]
 [0.00000000e+00 0.00000000e+00 0.00000000e+00 6.94444444e-03
  0.00000000e+00 0.00000000e+00 2.77777778e-02 6.94444444e-03
  9.02777778e-02 0.00000000e+00 0.00000000e+00 1.11111111e-01
  2.77777778e-02 2.08333333e-02 3.40277778e-01 3.47222222e-02
  2.77777778e-01 5.55555556e-02]
 [0.00000000e+00 0.00000000e+00 0.00000000e+00 1.25000000e-01
  1.20967742e-02 0.00000000e+00 6.65322581e-02 8.26612903e-02
  3.22580645e-02 1.00806452e-02 8.06451613e-03 1.00806452e-01
  2.21774194e-02 1.00806452e-02 8.26612903e-02 8.87096774e-02
  1.95564516e-01 1.63306452e-01]]"
