percentage,metric,value
10,loss,0.5792485435426852
10,accuracy,0.815466328817854
10,f1_score,0.7761962753287602
10,confusion_matrix,"[[6.49833254e-01 1.41019533e-01 9.38542163e-02 1.42925202e-03
  1.42925202e-03 1.09099571e-01 9.52834683e-04 9.52834683e-04
  1.42925202e-03 0.00000000e+00 0.00000000e+00 0.00000000e+00
  0.00000000e+00 0.00000000e+00 0.00000000e+00 0.00000000e+00
  0.00000000e+00 0.00000000e+00]
 [1.24463519e-01 6.53314258e-01 4.67334287e-02 4.76871722e-04
  4.76871722e-04 1.74535050e-01 0.00000000e+00 0.00000000e+00
  0.00000000e+00 0.00000000e+00 0.00000000e+00 0.00000000e+00
  0.00000000e+00 0.00000000e+00 0.00000000e+00 0.00000000e+00
  0.00000000e+00 0.00000000e+00]
 [3.05418719e-02 1.08374384e-02 8.19704433e-01 5.96059113e-02
  1.47783251e-02 3.10344828e-02 2.01970443e-02 1.47783251e-03
  0.00000000e+00 0.00000000e+00 1.13300493e-02 0.00000000e+00
  0.00000000e+00 0.00000000e+00 4.92610837e-04 0.00000000e+00
  0.00000000e+00 0.00000000e+00]
 [1.36054422e-03 0.00000000e+00 6.34920635e-03 8.88888889e-01
  6.80272109e-03 0.00000000e+00 1.58730159e-02 2.31292517e-02
  4.53514739e-04 0.00000000e+00 0.00000000e+00 5.44217687e-03
  9.97732426e-03 7.70975057e-03 3.17460317e-03 1.49659864e-02
  1.31519274e-02 2.72108844e-03]
 [3.98936170e-03 0.00000000e+00 1.13031915e-02 8.64361702e-03
  9.30186170e-01 6.64893617e-04 1.06382979e-02 1.06382979e-02
  1.66223404e-03 1.32978723e-03 2.02792553e-02 0.00000000e+00
  0.00000000e+00 0.00000000e+00 0.00000000e+00 6.64893617e-04
  0.00000000e+00 0.00000000e+00]
 [3.91425909e-02 1.50512582e-01 3.02889096e-02 4.65983225e-04
  4.19384902e-03 7.73532153e-01 1.39794967e-03 0.00000000e+00
  0.00000000e+00 0.00000000e+00 0.00000000e+00 4.65983225e-04
  0.00000000e+00 0.00000000e+00 0.00000000e+00 0.00000000e+00
  0.00000000e+00 0.00000000e+00]
 [5.64334086e-04 1.12866817e-03 1.58013544e-02 2.31376975e-02
  7.33634312e-03 0.00000000e+00 8.84875847e-01 3.83747178e-02
  0.00000000e+00 1.69300226e-03 1.52370203e-02 5.64334086e-04
  5.64334086e-04 0.00000000e+00 3.95033860e-03 6.77200903e-03
  0.00000000e+00 0.00000000e+00]
 [0.00000000e+00 0.00000000e+00 2.40673887e-03 2.94825511e-02
  1.02286402e-02 0.00000000e+00 4.93381468e-02 8.73646209e-01
  1.20336943e-03 1.26353791e-02 1.26353791e-02 0.00000000e+00
  5.41516245e-03 0.00000000e+00 0.00000000e+00 2.40673887e-03
  6.01684717e-04 0.00000000e+00]
 [1.58478605e-03 0.00000000e+00 0.00000000e+00 4.75435816e-03
  9.50871632e-03 0.00000000e+00 4.75435816e-03 1.58478605e-02
  9.63549921e-01 0.00000000e+00 0.00000000e+00 0.00000000e+00
  0.00000000e+00 0.00000000e+00 0.00000000e+00 0.00000000e+00
  0.00000000e+00 0.00000000e+00]
 [0.00000000e+00 0.00000000e+00 0.00000000e+00 3.81679389e-03
  3.81679389e-02 0.00000000e+00 1.14503817e-02 9.92366412e-02
  2.29007634e-02 7.97709924e-01 1.14503817e-02 0.00000000e+00
  0.00000000e+00 0.00000000e+00 1.14503817e-02 3.81679389e-03
  0.00000000e+00 0.00000000e+00]
 [0.00000000e+00 1.49031297e-03 2.38450075e-02 0.00000000e+00
  5.06706408e-02 4.47093890e-03 9.23994039e-02 1.78837556e-02
  0.00000000e+00 1.49031297e-02 7.94336811e-01 0.00000000e+00
  0.00000000e+00 0.00000000e+00 0.00000000e+00 0.00000000e+00
  0.00000000e+00 0.00000000e+00]
 [0.00000000e+00 1.94174757e-03 0.00000000e+00 1.74757282e-02
  0.00000000e+00 0.00000000e+00 0.00000000e+00 7.76699029e-03
  1.94174757e-03 0.00000000e+00 1.94174757e-03 8.40776699e-01
  1.94174757e-03 5.82524272e-03 0.00000000e+00 1.06796117e-01
  1.35922330e-02 0.00000000e+00]
 [0.00000000e+00 0.00000000e+00 0.00000000e+00 4.44444444e-03
  0.00000000e+00 0.00000000e+00 0.00000000e+00 4.44444444e-03
  0.00000000e+00 0.00000000e+00 0.00000000e+00 8.88888889e-03
  9.51111111e-01 0.00000000e+00 4.44444444e-03 0.00000000e+00
  2.66666667e-02 0.00000000e+00]
 [0.00000000e+00 0.00000000e+00 0.00000000e+00 1.86915888e-02
  0.00000000e+00 0.00000000e+00 0.00000000e+00 2.80373832e-02
  0.00000000e+00 0.00000000e+00 0.00000000e+00 4.20560748e-02
  4.67289720e-03 6.44859813e-01 0.00000000e+00 2.10280374e-01
  5.14018692e-02 0.00000000e+00]
 [0.00000000e+00 0.00000000e+00 0.00000000e+00 0.00000000e+00
  0.00000000e+00 0.00000000e+00 0.00000000e+00 1.04166667e-02
  2.08333333e-02 0.00000000e+00 0.00000000e+00 5.20833333e-03
  0.00000000e+00 0.00000000e+00 9.11458333e-01 5.20833333e-03
  4.16666667e-02 5.20833333e-03]
 [0.00000000e+00 0.00000000e+00 0.00000000e+00 0.00000000e+00
  0.00000000e+00 0.00000000e+00 6.53594771e-03 0.00000000e+00
  0.00000000e+00 0.00000000e+00 0.00000000e+00 5.22875817e-02
  1.96078431e-02 0.00000000e+00 1.04575163e-01 6.47058824e-01
  7.84313725e-02 9.15032680e-02]
 [0.00000000e+00 0.00000000e+00 0.00000000e+00 0.00000000e+00
  0.00000000e+00 0.00000000e+00 0.00000000e+00 0.00000000e+00
  0.00000000e+00 0.00000000e+00 0.00000000e+00 2.77777778e-02
  6.94444444e-03 6.94444444e-03 5.34722222e-01 0.00000000e+00
  2.56944444e-01 1.66666667e-01]
 [0.00000000e+00 0.00000000e+00 0.00000000e+00 1.41129032e-02
  2.01612903e-03 0.00000000e+00 1.81451613e-02 2.01612903e-02
  0.00000000e+00 0.00000000e+00 2.01612903e-03 2.01612903e-03
  1.00806452e-02 0.00000000e+00 6.04838710e-03 4.03225806e-03
  8.06451613e-03 9.13306452e-01]]"
