percentage,metric,value
40,loss,0.5587298227655847
40,accuracy,0.8222882759964916
40,f1_score,0.771101455241928
40,confusion_matrix,"[[7.65126251e-01 1.02429728e-01 8.33730348e-02 1.42925202e-03
  9.52834683e-04 4.28775607e-02 1.42925202e-03 9.52834683e-04
  9.52834683e-04 4.76417342e-04 0.00000000e+00 0.00000000e+00
  0.00000000e+00 0.00000000e+00 0.00000000e+00 0.00000000e+00
  0.00000000e+00 0.00000000e+00]
 [1.78826896e-01 6.50453028e-01 5.43633763e-02 4.76871722e-04
  4.76871722e-04 1.14449213e-01 4.76871722e-04 4.76871722e-04
  0.00000000e+00 0.00000000e+00 0.00000000e+00 0.00000000e+00
  0.00000000e+00 0.00000000e+00 0.00000000e+00 0.00000000e+00
  0.00000000e+00 0.00000000e+00]
 [3.74384236e-02 6.89655172e-03 8.26108374e-01 5.71428571e-02
  1.08374384e-02 2.11822660e-02 2.51231527e-02 4.43349754e-03
  0.00000000e+00 4.92610837e-04 9.85221675e-03 0.00000000e+00
  0.00000000e+00 0.00000000e+00 4.92610837e-04 0.00000000e+00
  0.00000000e+00 0.00000000e+00]
 [9.07029478e-04 0.00000000e+00 4.53514739e-03 8.80725624e-01
  4.98866213e-03 0.00000000e+00 2.76643991e-02 2.94784580e-02
  0.00000000e+00 4.53514739e-04 0.00000000e+00 6.34920635e-03
  5.89569161e-03 1.22448980e-02 0.00000000e+00 1.17913832e-02
  1.31519274e-02 1.81405896e-03]
 [2.99202128e-03 0.00000000e+00 1.26329787e-02 1.13031915e-02
  9.30518617e-01 0.00000000e+00 1.32978723e-02 1.09707447e-02
  2.65957447e-03 2.32712766e-03 1.29654255e-02 0.00000000e+00
  0.00000000e+00 0.00000000e+00 0.00000000e+00 0.00000000e+00
  3.32446809e-04 0.00000000e+00]
 [7.73532153e-02 1.78471575e-01 1.77073625e-02 4.65983225e-04
  3.72786580e-03 7.19944082e-01 1.86393290e-03 0.00000000e+00
  4.65983225e-04 0.00000000e+00 0.00000000e+00 0.00000000e+00
  0.00000000e+00 0.00000000e+00 0.00000000e+00 0.00000000e+00
  0.00000000e+00 0.00000000e+00]
 [5.64334086e-04 5.64334086e-04 1.01580135e-02 1.29796840e-02
  1.69300226e-03 2.25733634e-03 9.36230248e-01 2.20090293e-02
  5.64334086e-04 0.00000000e+00 1.01580135e-02 1.12866817e-03
  0.00000000e+00 0.00000000e+00 0.00000000e+00 1.12866817e-03
  5.64334086e-04 0.00000000e+00]
 [0.00000000e+00 0.00000000e+00 6.01684717e-04 1.44404332e-02
  7.22021661e-03 0.00000000e+00 5.59566787e-02 8.96510229e-01
  1.80505415e-03 8.42358604e-03 2.40673887e-03 6.01684717e-04
  1.80505415e-03 0.00000000e+00 0.00000000e+00 7.82190132e-03
  1.20336943e-03 1.20336943e-03]
 [0.00000000e+00 0.00000000e+00 0.00000000e+00 6.33914422e-03
  7.92393027e-03 0.00000000e+00 6.33914422e-03 7.92393027e-03
  9.66719493e-01 1.58478605e-03 0.00000000e+00 0.00000000e+00
  0.00000000e+00 0.00000000e+00 3.16957211e-03 0.00000000e+00
  0.00000000e+00 0.00000000e+00]
 [0.00000000e+00 0.00000000e+00 0.00000000e+00 3.81679389e-03
  1.90839695e-02 0.00000000e+00 1.14503817e-02 8.39694656e-02
  2.29007634e-02 8.47328244e-01 0.00000000e+00 0.00000000e+00
  0.00000000e+00 0.00000000e+00 1.14503817e-02 0.00000000e+00
  0.00000000e+00 0.00000000e+00]
 [0.00000000e+00 1.49031297e-03 2.08643815e-02 0.00000000e+00
  3.72578241e-02 4.47093890e-03 9.09090909e-02 1.63934426e-02
  0.00000000e+00 1.93740686e-02 8.09239940e-01 0.00000000e+00
  0.00000000e+00 0.00000000e+00 0.00000000e+00 0.00000000e+00
  0.00000000e+00 0.00000000e+00]
 [1.94174757e-03 0.00000000e+00 0.00000000e+00 1.55339806e-02
  0.00000000e+00 0.00000000e+00 0.00000000e+00 7.76699029e-03
  1.94174757e-03 0.00000000e+00 1.94174757e-03 6.67961165e-01
  0.00000000e+00 3.88349515e-03 0.00000000e+00 2.48543689e-01
  5.04854369e-02 0.00000000e+00]
 [0.00000000e+00 0.00000000e+00 0.00000000e+00 4.44444444e-03
  0.00000000e+00 0.00000000e+00 4.44444444e-03 0.00000000e+00
  0.00000000e+00 0.00000000e+00 0.00000000e+00 4.44444444e-03
  9.20000000e-01 0.00000000e+00 0.00000000e+00 0.00000000e+00
  6.66666667e-02 0.00000000e+00]
 [0.00000000e+00 0.00000000e+00 0.00000000e+00 1.40186916e-02
  0.00000000e+00 0.00000000e+00 0.00000000e+00 1.86915888e-02
  0.00000000e+00 0.00000000e+00 0.00000000e+00 2.33644860e-02
  9.34579439e-03 4.57943925e-01 0.00000000e+00 2.28971963e-01
  2.47663551e-01 0.00000000e+00]
 [0.00000000e+00 0.00000000e+00 0.00000000e+00 0.00000000e+00
  0.00000000e+00 0.00000000e+00 0.00000000e+00 0.00000000e+00
  1.56250000e-02 5.20833333e-03 0.00000000e+00 0.00000000e+00
  0.00000000e+00 0.00000000e+00 9.27083333e-01 5.20833333e-03
  4.16666667e-02 5.20833333e-03]
 [0.00000000e+00 0.00000000e+00 0.00000000e+00 0.00000000e+00
  0.00000000e+00 0.00000000e+00 6.53594771e-03 1.30718954e-02
  0.00000000e+00 0.00000000e+00 0.00000000e+00 0.00000000e+00
  6.53594771e-03 0.00000000e+00 1.50326797e-01 7.51633987e-01
  5.22875817e-02 1.96078431e-02]
 [0.00000000e+00 0.00000000e+00 0.00000000e+00 0.00000000e+00
  0.00000000e+00 0.00000000e+00 0.00000000e+00 0.00000000e+00
  0.00000000e+00 0.00000000e+00 0.00000000e+00 0.00000000e+00
  0.00000000e+00 6.94444444e-03 5.48611111e-01 1.38888889e-02
  3.33333333e-01 9.72222222e-02]
 [0.00000000e+00 0.00000000e+00 0.00000000e+00 1.00806452e-02
  2.01612903e-03 0.00000000e+00 3.62903226e-02 2.41935484e-02
  0.00000000e+00 0.00000000e+00 2.01612903e-03 0.00000000e+00
  4.03225806e-03 2.01612903e-03 1.00806452e-02 2.21774194e-02
  2.41935484e-02 8.62903226e-01]]"
