percentage,metric,value
60,loss,0.5868965258306978
60,accuracy,0.8371016470129617
60,f1_score,0.7785818364562905
60,confusion_matrix,"[[7.99428299e-01 1.02429728e-01 6.09814197e-02 1.90566937e-03
  1.90566937e-03 2.95378752e-02 1.42925202e-03 4.76417342e-04
  1.42925202e-03 0.00000000e+00 4.76417342e-04 0.00000000e+00
  0.00000000e+00 0.00000000e+00 0.00000000e+00 0.00000000e+00
  0.00000000e+00 0.00000000e+00]
 [1.70243205e-01 6.90987124e-01 4.72103004e-02 4.76871722e-04
  0.00000000e+00 9.06056271e-02 4.76871722e-04 0.00000000e+00
  0.00000000e+00 0.00000000e+00 0.00000000e+00 0.00000000e+00
  0.00000000e+00 0.00000000e+00 0.00000000e+00 0.00000000e+00
  0.00000000e+00 0.00000000e+00]
 [3.94088670e-02 1.33004926e-02 8.37931034e-01 5.22167488e-02
  9.85221675e-03 1.77339901e-02 1.77339901e-02 2.95566502e-03
  0.00000000e+00 0.00000000e+00 8.37438424e-03 0.00000000e+00
  0.00000000e+00 0.00000000e+00 4.92610837e-04 0.00000000e+00
  0.00000000e+00 0.00000000e+00]
 [9.07029478e-04 0.00000000e+00 5.89569161e-03 9.13378685e-01
  3.17460317e-03 0.00000000e+00 5.89569161e-03 1.90476190e-02
  0.00000000e+00 0.00000000e+00 0.00000000e+00 6.34920635e-03
  4.53514739e-03 8.61678005e-03 4.53514739e-04 1.58730159e-02
  1.26984127e-02 3.17460317e-03]
 [3.98936170e-03 0.00000000e+00 1.42952128e-02 1.06382979e-02
  9.25199468e-01 9.97340426e-04 1.42952128e-02 8.31117021e-03
  4.32180851e-03 6.64893617e-04 1.56250000e-02 6.64893617e-04
  3.32446809e-04 0.00000000e+00 3.32446809e-04 0.00000000e+00
  3.32446809e-04 0.00000000e+00]
 [7.36253495e-02 1.60764212e-01 2.05032619e-02 4.65983225e-04
  3.26188257e-03 7.39049394e-01 1.86393290e-03 0.00000000e+00
  0.00000000e+00 0.00000000e+00 0.00000000e+00 4.65983225e-04
  0.00000000e+00 0.00000000e+00 0.00000000e+00 0.00000000e+00
  0.00000000e+00 0.00000000e+00]
 [5.64334086e-04 0.00000000e+00 7.33634312e-03 2.31376975e-02
  2.82167043e-03 2.82167043e-03 9.35665914e-01 1.35440181e-02
  0.00000000e+00 1.12866817e-03 1.07223476e-02 1.12866817e-03
  0.00000000e+00 0.00000000e+00 0.00000000e+00 1.12866817e-03
  0.00000000e+00 0.00000000e+00]
 [6.01684717e-04 0.00000000e+00 0.00000000e+00 1.86522262e-02
  1.08303249e-02 0.00000000e+00 5.41516245e-02 8.72442840e-01
  2.40673887e-03 1.26353791e-02 1.08303249e-02 3.61010830e-03
  6.01684717e-04 0.00000000e+00 0.00000000e+00 1.20336943e-02
  0.00000000e+00 1.20336943e-03]
 [0.00000000e+00 0.00000000e+00 0.00000000e+00 7.92393027e-03
  6.33914422e-03 0.00000000e+00 3.16957211e-03 1.10935024e-02
  9.61965135e-01 1.58478605e-03 0.00000000e+00 0.00000000e+00
  0.00000000e+00 0.00000000e+00 6.33914422e-03 1.58478605e-03
  0.00000000e+00 0.00000000e+00]
 [0.00000000e+00 0.00000000e+00 3.81679389e-03 3.81679389e-03
  1.52671756e-02 0.00000000e+00 3.81679389e-03 1.29770992e-01
  1.90839695e-02 8.01526718e-01 3.81679389e-03 0.00000000e+00
  0.00000000e+00 0.00000000e+00 1.14503817e-02 3.81679389e-03
  0.00000000e+00 3.81679389e-03]
 [1.49031297e-03 1.49031297e-03 2.23546945e-02 0.00000000e+00
  3.42771982e-02 4.47093890e-03 7.30253353e-02 4.47093890e-03
  1.49031297e-03 1.63934426e-02 8.39046200e-01 0.00000000e+00
  0.00000000e+00 0.00000000e+00 0.00000000e+00 1.49031297e-03
  0.00000000e+00 0.00000000e+00]
 [1.94174757e-03 0.00000000e+00 0.00000000e+00 1.35922330e-02
  0.00000000e+00 0.00000000e+00 0.00000000e+00 3.88349515e-03
  1.94174757e-03 0.00000000e+00 1.94174757e-03 8.07766990e-01
  0.00000000e+00 7.76699029e-03 1.94174757e-03 1.35922330e-01
  2.33009709e-02 0.00000000e+00]
 [0.00000000e+00 0.00000000e+00 0.00000000e+00 4.44444444e-03
  0.00000000e+00 0.00000000e+00 4.44444444e-03 0.00000000e+00
  0.00000000e+00 0.00000000e+00 0.00000000e+00 8.88888889e-03
  9.60000000e-01 0.00000000e+00 8.88888889e-03 0.00000000e+00
  1.33333333e-02 0.00000000e+00]
 [0.00000000e+00 0.00000000e+00 0.00000000e+00 2.33644860e-02
  0.00000000e+00 0.00000000e+00 0.00000000e+00 1.40186916e-02
  0.00000000e+00 0.00000000e+00 0.00000000e+00 3.27102804e-02
  9.34579439e-03 3.27102804e-01 0.00000000e+00 2.10280374e-01
  3.83177570e-01 0.00000000e+00]
 [0.00000000e+00 0.00000000e+00 0.00000000e+00 0.00000000e+00
  0.00000000e+00 0.00000000e+00 0.00000000e+00 0.00000000e+00
  2.08333333e-02 5.20833333e-03 0.00000000e+00 1.04166667e-02
  0.00000000e+00 0.00000000e+00 9.37500000e-01 0.00000000e+00
  2.08333333e-02 5.20833333e-03]
 [0.00000000e+00 0.00000000e+00 0.00000000e+00 0.00000000e+00
  0.00000000e+00 0.00000000e+00 6.53594771e-03 0.00000000e+00
  0.00000000e+00 0.00000000e+00 0.00000000e+00 1.96078431e-02
  1.96078431e-02 0.00000000e+00 1.30718954e-01 7.12418301e-01
  3.26797386e-02 7.84313725e-02]
 [0.00000000e+00 0.00000000e+00 0.00000000e+00 0.00000000e+00
  0.00000000e+00 0.00000000e+00 0.00000000e+00 0.00000000e+00
  0.00000000e+00 0.00000000e+00 0.00000000e+00 0.00000000e+00
  0.00000000e+00 0.00000000e+00 4.93055556e-01 2.08333333e-02
  3.33333333e-01 1.52777778e-01]
 [0.00000000e+00 0.00000000e+00 0.00000000e+00 2.01612903e-02
  2.01612903e-03 0.00000000e+00 3.22580645e-02 1.20967742e-02
  0.00000000e+00 0.00000000e+00 2.01612903e-03 0.00000000e+00
  6.04838710e-03 0.00000000e+00 1.00806452e-02 1.41129032e-02
  1.20967742e-02 8.89112903e-01]]"
