percentage,metric,value
70,loss,1.1890891496011846
70,accuracy,0.5703147841341
70,f1_score,0.5024738431339473
70,confusion_matrix,"[[4.47355884e-01 2.05335874e-01 3.43496903e-01 4.76417342e-04
  9.52834683e-04 1.90566937e-03 0.00000000e+00 0.00000000e+00
  0.00000000e+00 0.00000000e+00 0.00000000e+00 0.00000000e+00
  0.00000000e+00 0.00000000e+00 4.76417342e-04 0.00000000e+00
  0.00000000e+00 0.00000000e+00]
 [3.25703386e-01 5.56986171e-01 7.53457320e-02 4.76871722e-04
  0.00000000e+00 4.14878398e-02 0.00000000e+00 0.00000000e+00
  0.00000000e+00 0.00000000e+00 0.00000000e+00 0.00000000e+00
  0.00000000e+00 0.00000000e+00 0.00000000e+00 0.00000000e+00
  0.00000000e+00 0.00000000e+00]
 [8.47290640e-02 1.77339901e-02 7.50246305e-01 6.40394089e-02
  4.23645320e-02 1.08374384e-02 2.56157635e-02 9.85221675e-04
  0.00000000e+00 0.00000000e+00 2.46305419e-03 0.00000000e+00
  0.00000000e+00 0.00000000e+00 0.00000000e+00 0.00000000e+00
  4.92610837e-04 4.92610837e-04]
 [4.53514739e-04 0.00000000e+00 2.53968254e-02 7.92290249e-01
  1.13378685e-02 0.00000000e+00 3.35600907e-02 4.71655329e-02
  0.00000000e+00 4.53514739e-04 9.07029478e-04 1.26984127e-02
  1.40589569e-02 9.52380952e-03 0.00000000e+00 3.94557823e-02
  1.13378685e-02 1.36054422e-03]
 [9.97340426e-04 0.00000000e+00 6.64893617e-02 4.18882979e-02
  7.08776596e-01 9.30851064e-03 3.65691489e-02 4.98670213e-02
  2.99202128e-03 1.03058511e-02 6.01728723e-02 4.65425532e-03
  1.66223404e-03 9.97340426e-04 0.00000000e+00 4.98670213e-03
  3.32446809e-04 0.00000000e+00]
 [2.79123952e-01 2.61416589e-01 1.68219944e-01 4.65983225e-04
  9.31966449e-04 2.88443616e-01 9.31966449e-04 4.65983225e-04
  0.00000000e+00 0.00000000e+00 0.00000000e+00 0.00000000e+00
  0.00000000e+00 0.00000000e+00 0.00000000e+00 0.00000000e+00
  0.00000000e+00 0.00000000e+00]
 [1.12866817e-03 0.00000000e+00 4.45823928e-02 1.54063205e-01
  6.88487585e-02 7.90067720e-03 5.69413093e-01 6.54627540e-02
  0.00000000e+00 3.38600451e-03 4.79683973e-02 1.69300226e-03
  1.69300226e-03 1.12866817e-03 0.00000000e+00 2.65237020e-02
  2.82167043e-03 3.38600451e-03]
 [0.00000000e+00 0.00000000e+00 9.02527076e-03 1.29362214e-01
  9.08543923e-02 0.00000000e+00 1.28760529e-01 4.66907341e-01
  6.01684717e-04 1.62454874e-02 9.02527076e-02 9.62695548e-03
  6.61853189e-03 3.00842359e-03 6.01684717e-04 3.85078219e-02
  7.82190132e-03 1.80505415e-03]
 [0.00000000e+00 0.00000000e+00 6.33914422e-03 1.42630745e-02
  1.42630745e-02 0.00000000e+00 7.92393027e-03 2.53565769e-02
  6.65610143e-01 6.33914422e-03 6.33914422e-03 1.58478605e-02
  3.01109350e-02 0.00000000e+00 9.50871632e-02 2.85261490e-02
  8.39936609e-02 0.00000000e+00]
 [0.00000000e+00 0.00000000e+00 0.00000000e+00 5.34351145e-02
  1.37404580e-01 0.00000000e+00 9.54198473e-02 2.86259542e-01
  0.00000000e+00 2.51908397e-01 9.16030534e-02 1.52671756e-02
  2.29007634e-02 0.00000000e+00 0.00000000e+00 3.05343511e-02
  1.14503817e-02 3.81679389e-03]
 [1.49031297e-03 0.00000000e+00 3.57675112e-02 1.49031297e-02
  1.41579732e-01 1.49031297e-03 1.56482861e-01 5.36512668e-02
  0.00000000e+00 2.98062593e-03 5.88673621e-01 0.00000000e+00
  0.00000000e+00 0.00000000e+00 0.00000000e+00 2.98062593e-03
  0.00000000e+00 0.00000000e+00]
 [1.94174757e-03 0.00000000e+00 0.00000000e+00 1.94174757e-02
  1.94174757e-03 0.00000000e+00 0.00000000e+00 2.33009709e-02
  3.88349515e-03 0.00000000e+00 0.00000000e+00 6.29126214e-01
  3.88349515e-03 1.55339806e-02 1.94174757e-03 1.41747573e-01
  1.49514563e-01 7.76699029e-03]
 [0.00000000e+00 0.00000000e+00 0.00000000e+00 1.77777778e-02
  8.88888889e-03 0.00000000e+00 1.33333333e-02 1.06666667e-01
  0.00000000e+00 0.00000000e+00 0.00000000e+00 4.00000000e-02
  5.46666667e-01 0.00000000e+00 3.55555556e-02 1.15555556e-01
  8.88888889e-02 2.66666667e-02]
 [0.00000000e+00 0.00000000e+00 0.00000000e+00 8.87850467e-02
  4.67289720e-03 0.00000000e+00 9.34579439e-03 7.47663551e-02
  0.00000000e+00 9.34579439e-03 1.40186916e-02 2.57009346e-01
  4.67289720e-03 2.33644860e-01 0.00000000e+00 1.40186916e-01
  1.49532710e-01 1.40186916e-02]
 [0.00000000e+00 0.00000000e+00 0.00000000e+00 5.20833333e-03
  5.20833333e-03 0.00000000e+00 0.00000000e+00 5.20833333e-03
  1.66666667e-01 5.20833333e-03 0.00000000e+00 5.20833333e-03
  0.00000000e+00 0.00000000e+00 7.65625000e-01 0.00000000e+00
  3.12500000e-02 1.04166667e-02]
 [0.00000000e+00 0.00000000e+00 0.00000000e+00 3.26797386e-02
  0.00000000e+00 0.00000000e+00 1.30718954e-02 5.88235294e-02
  3.26797386e-02 1.30718954e-02 6.53594771e-03 1.50326797e-01
  1.96078431e-02 1.30718954e-02 7.18954248e-02 4.11764706e-01
  1.37254902e-01 3.92156863e-02]
 [0.00000000e+00 0.00000000e+00 0.00000000e+00 6.94444444e-03
  0.00000000e+00 0.00000000e+00 0.00000000e+00 2.77777778e-02
  6.94444444e-02 0.00000000e+00 0.00000000e+00 6.25000000e-02
  0.00000000e+00 2.77777778e-02 4.16666667e-01 5.55555556e-02
  2.77777778e-01 5.55555556e-02]
 [0.00000000e+00 0.00000000e+00 0.00000000e+00 9.67741935e-02
  4.03225806e-03 0.00000000e+00 3.83064516e-02 8.06451613e-02
  4.63709677e-02 8.06451613e-03 4.03225806e-03 3.83064516e-02
  2.21774194e-02 8.06451613e-03 3.83064516e-02 1.00806452e-01
  1.85483871e-01 3.28629032e-01]]"
