percentage,metric,value
70,loss,0.5788750328143627
70,accuracy,0.8396842413020174
70,f1_score,0.7783655125758304
70,confusion_matrix,"[[7.88470700e-01 1.13387327e-01 5.76464983e-02 0.00000000e+00
  2.38208671e-03 3.47784659e-02 1.42925202e-03 4.76417342e-04
  9.52834683e-04 4.76417342e-04 0.00000000e+00 0.00000000e+00
  0.00000000e+00 0.00000000e+00 0.00000000e+00 0.00000000e+00
  0.00000000e+00 0.00000000e+00]
 [1.46399619e-01 7.17215069e-01 4.76871722e-02 0.00000000e+00
  4.76871722e-04 8.77443968e-02 4.76871722e-04 0.00000000e+00
  0.00000000e+00 0.00000000e+00 0.00000000e+00 0.00000000e+00
  0.00000000e+00 0.00000000e+00 0.00000000e+00 0.00000000e+00
  0.00000000e+00 0.00000000e+00]
 [3.99014778e-02 1.42857143e-02 8.34975369e-01 5.32019704e-02
  1.08374384e-02 1.82266010e-02 1.57635468e-02 1.97044335e-03
  0.00000000e+00 0.00000000e+00 8.86699507e-03 0.00000000e+00
  0.00000000e+00 0.00000000e+00 4.92610837e-04 0.00000000e+00
  1.47783251e-03 0.00000000e+00]
 [1.36054422e-03 0.00000000e+00 5.89569161e-03 9.01133787e-01
  6.80272109e-03 0.00000000e+00 1.49659864e-02 1.95011338e-02
  0.00000000e+00 0.00000000e+00 0.00000000e+00 1.36054422e-02
  6.34920635e-03 4.98866213e-03 1.36054422e-03 9.52380952e-03
  1.13378685e-02 3.17460317e-03]
 [3.98936170e-03 3.32446809e-04 8.31117021e-03 8.97606383e-03
  9.37167553e-01 1.32978723e-03 1.79521277e-02 5.65159574e-03
  2.99202128e-03 6.64893617e-04 1.16356383e-02 3.32446809e-04
  3.32446809e-04 0.00000000e+00 0.00000000e+00 0.00000000e+00
  3.32446809e-04 0.00000000e+00]
 [7.22273998e-02 1.66356011e-01 2.14352283e-02 4.65983225e-04
  2.79589935e-03 7.34855545e-01 1.39794967e-03 0.00000000e+00
  0.00000000e+00 0.00000000e+00 4.65983225e-04 0.00000000e+00
  0.00000000e+00 0.00000000e+00 0.00000000e+00 0.00000000e+00
  0.00000000e+00 0.00000000e+00]
 [5.64334086e-04 0.00000000e+00 8.46501129e-03 1.24153499e-02
  3.38600451e-03 2.25733634e-03 9.46952596e-01 1.41083521e-02
  0.00000000e+00 0.00000000e+00 1.01580135e-02 1.12866817e-03
  0.00000000e+00 0.00000000e+00 0.00000000e+00 5.64334086e-04
  0.00000000e+00 0.00000000e+00]
 [6.01684717e-04 0.00000000e+00 0.00000000e+00 1.02286402e-02
  1.26353791e-02 0.00000000e+00 6.49819495e-02 8.85679904e-01
  2.40673887e-03 7.82190132e-03 5.41516245e-03 6.01684717e-04
  6.01684717e-04 0.00000000e+00 2.40673887e-03 6.01684717e-03
  0.00000000e+00 6.01684717e-04]
 [0.00000000e+00 0.00000000e+00 1.58478605e-03 4.75435816e-03
  7.92393027e-03 0.00000000e+00 4.75435816e-03 9.50871632e-03
  9.61965135e-01 4.75435816e-03 0.00000000e+00 1.58478605e-03
  1.58478605e-03 0.00000000e+00 1.58478605e-03 0.00000000e+00
  0.00000000e+00 0.00000000e+00]
 [0.00000000e+00 0.00000000e+00 0.00000000e+00 7.63358779e-03
  2.67175573e-02 0.00000000e+00 2.29007634e-02 7.25190840e-02
  1.52671756e-02 8.43511450e-01 3.81679389e-03 0.00000000e+00
  0.00000000e+00 0.00000000e+00 7.63358779e-03 0.00000000e+00
  0.00000000e+00 0.00000000e+00]
 [0.00000000e+00 1.49031297e-03 2.08643815e-02 0.00000000e+00
  2.68256334e-02 4.47093890e-03 1.04321908e-01 1.63934426e-02
  2.98062593e-03 1.34128167e-02 8.09239940e-01 0.00000000e+00
  0.00000000e+00 0.00000000e+00 0.00000000e+00 0.00000000e+00
  0.00000000e+00 0.00000000e+00]
 [1.94174757e-03 0.00000000e+00 0.00000000e+00 1.16504854e-02
  0.00000000e+00 0.00000000e+00 1.94174757e-03 7.76699029e-03
  1.94174757e-03 0.00000000e+00 1.94174757e-03 8.15533981e-01
  1.94174757e-03 1.94174757e-03 0.00000000e+00 1.37864078e-01
  1.55339806e-02 0.00000000e+00]
 [0.00000000e+00 0.00000000e+00 0.00000000e+00 4.44444444e-03
  0.00000000e+00 0.00000000e+00 4.44444444e-03 0.00000000e+00
  0.00000000e+00 0.00000000e+00 0.00000000e+00 8.88888889e-03
  9.46666667e-01 4.44444444e-03 8.88888889e-03 0.00000000e+00
  2.22222222e-02 0.00000000e+00]
 [0.00000000e+00 0.00000000e+00 0.00000000e+00 2.33644860e-02
  0.00000000e+00 0.00000000e+00 0.00000000e+00 2.33644860e-02
  0.00000000e+00 0.00000000e+00 0.00000000e+00 4.20560748e-02
  9.34579439e-03 3.59813084e-01 4.67289720e-03 2.05607477e-01
  3.31775701e-01 0.00000000e+00]
 [0.00000000e+00 0.00000000e+00 0.00000000e+00 0.00000000e+00
  0.00000000e+00 0.00000000e+00 0.00000000e+00 0.00000000e+00
  1.56250000e-02 5.20833333e-03 0.00000000e+00 0.00000000e+00
  0.00000000e+00 0.00000000e+00 9.53125000e-01 0.00000000e+00
  1.56250000e-02 1.04166667e-02]
 [0.00000000e+00 0.00000000e+00 0.00000000e+00 0.00000000e+00
  0.00000000e+00 0.00000000e+00 6.53594771e-03 6.53594771e-03
  0.00000000e+00 0.00000000e+00 0.00000000e+00 1.30718954e-02
  2.61437908e-02 0.00000000e+00 1.83006536e-01 6.20915033e-01
  7.84313725e-02 6.53594771e-02]
 [0.00000000e+00 0.00000000e+00 0.00000000e+00 0.00000000e+00
  0.00000000e+00 0.00000000e+00 6.94444444e-03 0.00000000e+00
  0.00000000e+00 0.00000000e+00 0.00000000e+00 0.00000000e+00
  0.00000000e+00 0.00000000e+00 6.11111111e-01 1.38888889e-02
  2.43055556e-01 1.25000000e-01]
 [0.00000000e+00 0.00000000e+00 0.00000000e+00 8.06451613e-03
  2.01612903e-03 0.00000000e+00 2.62096774e-02 1.61290323e-02
  0.00000000e+00 0.00000000e+00 2.01612903e-03 2.01612903e-03
  2.01612903e-03 0.00000000e+00 1.41129032e-02 0.00000000e+00
  1.81451613e-02 9.09274194e-01]]"
