percentage,metric,value
5,loss,0.60332631560924
5,accuracy,0.8111295195400059
5,f1_score,0.756208282081754
5,confusion_matrix,"[[7.64173416e-01 1.22915674e-01 7.95616960e-02 4.76417342e-04
  1.90566937e-03 2.71557885e-02 1.42925202e-03 4.76417342e-04
  1.42925202e-03 0.00000000e+00 0.00000000e+00 0.00000000e+00
  0.00000000e+00 0.00000000e+00 0.00000000e+00 0.00000000e+00
  0.00000000e+00 4.76417342e-04]
 [1.80257511e-01 6.37577492e-01 5.43633763e-02 4.76871722e-04
  4.76871722e-04 1.26847878e-01 0.00000000e+00 0.00000000e+00
  0.00000000e+00 0.00000000e+00 0.00000000e+00 0.00000000e+00
  0.00000000e+00 0.00000000e+00 0.00000000e+00 0.00000000e+00
  0.00000000e+00 0.00000000e+00]
 [5.81280788e-02 9.35960591e-03 8.22167488e-01 3.59605911e-02
  1.33004926e-02 1.28078818e-02 3.99014778e-02 4.92610837e-04
  0.00000000e+00 0.00000000e+00 6.89655172e-03 4.92610837e-04
  0.00000000e+00 0.00000000e+00 4.92610837e-04 0.00000000e+00
  0.00000000e+00 0.00000000e+00]
 [4.53514739e-04 0.00000000e+00 9.52380952e-03 8.60770975e-01
  9.07029478e-03 4.53514739e-04 3.03854875e-02 3.49206349e-02
  0.00000000e+00 0.00000000e+00 0.00000000e+00 9.07029478e-03
  7.70975057e-03 1.08843537e-02 4.53514739e-04 1.67800454e-02
  8.61678005e-03 9.07029478e-04]
 [3.65691489e-03 0.00000000e+00 1.06382979e-02 6.31648936e-03
  9.21875000e-01 6.64893617e-04 1.82845745e-02 1.56250000e-02
  2.32712766e-03 2.65957447e-03 1.66223404e-02 6.64893617e-04
  0.00000000e+00 0.00000000e+00 0.00000000e+00 3.32446809e-04
  3.32446809e-04 0.00000000e+00]
 [1.02516309e-01 1.36533085e-01 3.96085741e-02 4.65983225e-04
  4.19384902e-03 7.15284250e-01 1.39794967e-03 0.00000000e+00
  0.00000000e+00 0.00000000e+00 0.00000000e+00 0.00000000e+00
  0.00000000e+00 0.00000000e+00 0.00000000e+00 0.00000000e+00
  0.00000000e+00 0.00000000e+00]
 [5.64334086e-04 5.64334086e-04 1.63656885e-02 2.42663657e-02
  5.07900677e-03 1.69300226e-03 9.11963883e-01 2.65237020e-02
  0.00000000e+00 1.12866817e-03 7.90067720e-03 1.69300226e-03
  0.00000000e+00 0.00000000e+00 5.64334086e-04 1.69300226e-03
  0.00000000e+00 0.00000000e+00]
 [0.00000000e+00 0.00000000e+00 1.80505415e-03 1.92539110e-02
  4.81347774e-03 6.01684717e-04 6.49819495e-02 8.79061372e-01
  1.80505415e-03 7.22021661e-03 6.61853189e-03 1.20336943e-03
  1.80505415e-03 0.00000000e+00 6.01684717e-04 9.02527076e-03
  0.00000000e+00 1.20336943e-03]
 [0.00000000e+00 0.00000000e+00 0.00000000e+00 6.33914422e-03
  1.10935024e-02 0.00000000e+00 7.92393027e-03 6.33914422e-03
  9.58795563e-01 0.00000000e+00 1.58478605e-03 1.58478605e-03
  0.00000000e+00 0.00000000e+00 6.33914422e-03 0.00000000e+00
  0.00000000e+00 0.00000000e+00]
 [0.00000000e+00 0.00000000e+00 0.00000000e+00 3.81679389e-03
  2.67175573e-02 0.00000000e+00 3.81679389e-03 1.52671756e-01
  1.90839695e-02 7.55725191e-01 1.14503817e-02 7.63358779e-03
  0.00000000e+00 0.00000000e+00 1.14503817e-02 3.81679389e-03
  0.00000000e+00 3.81679389e-03]
 [2.98062593e-03 0.00000000e+00 2.38450075e-02 0.00000000e+00
  3.12965723e-02 4.47093890e-03 1.13263785e-01 2.98062593e-02
  0.00000000e+00 1.93740686e-02 7.74962742e-01 0.00000000e+00
  0.00000000e+00 0.00000000e+00 0.00000000e+00 0.00000000e+00
  0.00000000e+00 0.00000000e+00]
 [0.00000000e+00 0.00000000e+00 0.00000000e+00 1.55339806e-02
  0.00000000e+00 1.94174757e-03 0.00000000e+00 7.76699029e-03
  1.94174757e-03 0.00000000e+00 3.88349515e-03 7.43689320e-01
  0.00000000e+00 5.82524272e-03 1.94174757e-03 2.03883495e-01
  1.35922330e-02 0.00000000e+00]
 [0.00000000e+00 0.00000000e+00 0.00000000e+00 0.00000000e+00
  0.00000000e+00 0.00000000e+00 4.44444444e-03 1.33333333e-02
  0.00000000e+00 0.00000000e+00 0.00000000e+00 2.22222222e-02
  8.66666667e-01 0.00000000e+00 1.77777778e-02 4.44444444e-03
  7.11111111e-02 0.00000000e+00]
 [0.00000000e+00 0.00000000e+00 0.00000000e+00 1.40186916e-02
  0.00000000e+00 0.00000000e+00 0.00000000e+00 1.86915888e-02
  0.00000000e+00 0.00000000e+00 0.00000000e+00 2.80373832e-02
  9.34579439e-03 5.23364486e-01 1.40186916e-02 2.57009346e-01
  1.35514019e-01 0.00000000e+00]
 [0.00000000e+00 0.00000000e+00 0.00000000e+00 0.00000000e+00
  0.00000000e+00 0.00000000e+00 0.00000000e+00 0.00000000e+00
  1.56250000e-02 0.00000000e+00 0.00000000e+00 5.20833333e-03
  0.00000000e+00 0.00000000e+00 9.27083333e-01 0.00000000e+00
  4.16666667e-02 1.04166667e-02]
 [0.00000000e+00 0.00000000e+00 0.00000000e+00 0.00000000e+00
  0.00000000e+00 0.00000000e+00 1.30718954e-02 0.00000000e+00
  0.00000000e+00 0.00000000e+00 0.00000000e+00 4.57516340e-02
  0.00000000e+00 0.00000000e+00 1.50326797e-01 6.66666667e-01
  5.22875817e-02 7.18954248e-02]
 [0.00000000e+00 0.00000000e+00 0.00000000e+00 0.00000000e+00
  0.00000000e+00 0.00000000e+00 0.00000000e+00 0.00000000e+00
  0.00000000e+00 0.00000000e+00 0.00000000e+00 1.38888889e-02
  0.00000000e+00 0.00000000e+00 5.97222222e-01 2.08333333e-02
  2.08333333e-01 1.59722222e-01]
 [0.00000000e+00 0.00000000e+00 0.00000000e+00 1.81451613e-02
  0.00000000e+00 0.00000000e+00 3.22580645e-02 2.21774194e-02
  0.00000000e+00 0.00000000e+00 2.01612903e-03 2.01612903e-03
  6.04838710e-03 0.00000000e+00 1.20967742e-02 2.01612903e-02
  1.81451613e-02 8.66935484e-01]]"
