percentage,metric,value
80,loss,1.196489880580138
80,accuracy,0.5603255043368093
80,f1_score,0.4923526108062865
80,confusion_matrix,"[[5.05955217e-01 1.50071463e-01 3.39209147e-01 9.52834683e-04
  4.76417342e-04 2.38208671e-03 0.00000000e+00 0.00000000e+00
  4.76417342e-04 4.76417342e-04 0.00000000e+00 0.00000000e+00
  0.00000000e+00 0.00000000e+00 0.00000000e+00 0.00000000e+00
  0.00000000e+00 0.00000000e+00]
 [4.46351931e-01 4.34907010e-01 7.82069623e-02 4.76871722e-04
  0.00000000e+00 4.00572246e-02 0.00000000e+00 0.00000000e+00
  0.00000000e+00 0.00000000e+00 0.00000000e+00 0.00000000e+00
  0.00000000e+00 0.00000000e+00 0.00000000e+00 0.00000000e+00
  0.00000000e+00 0.00000000e+00]
 [7.48768473e-02 1.18226601e-02 7.76847291e-01 6.35467980e-02
  4.03940887e-02 6.40394089e-03 2.56157635e-02 0.00000000e+00
  0.00000000e+00 0.00000000e+00 0.00000000e+00 0.00000000e+00
  0.00000000e+00 0.00000000e+00 0.00000000e+00 0.00000000e+00
  4.92610837e-04 0.00000000e+00]
 [4.53514739e-04 0.00000000e+00 2.85714286e-02 7.94104308e-01
  1.49659864e-02 4.53514739e-04 4.48979592e-02 2.85714286e-02
  0.00000000e+00 2.26757370e-03 0.00000000e+00 8.16326531e-03
  1.08843537e-02 1.81405896e-02 0.00000000e+00 3.21995465e-02
  1.49659864e-02 1.36054422e-03]
 [1.99468085e-03 0.00000000e+00 7.67952128e-02 3.45744681e-02
  7.19082447e-01 9.64095745e-03 4.25531915e-02 4.28856383e-02
  3.65691489e-03 1.59574468e-02 3.52393617e-02 3.98936170e-03
  4.32180851e-03 6.64893617e-04 0.00000000e+00 5.65159574e-03
  2.99202128e-03 0.00000000e+00]
 [3.41565704e-01 1.92917055e-01 1.68219944e-01 0.00000000e+00
  4.65983225e-04 2.94967381e-01 1.39794967e-03 4.65983225e-04
  0.00000000e+00 0.00000000e+00 0.00000000e+00 0.00000000e+00
  0.00000000e+00 0.00000000e+00 0.00000000e+00 0.00000000e+00
  0.00000000e+00 0.00000000e+00]
 [5.64334086e-04 0.00000000e+00 4.90970655e-02 1.64785553e-01
  6.99774266e-02 7.33634312e-03 5.98194131e-01 4.34537246e-02
  0.00000000e+00 6.77200903e-03 2.08803612e-02 2.25733634e-03
  3.38600451e-03 4.51467269e-03 0.00000000e+00 2.42663657e-02
  3.95033860e-03 5.64334086e-04]
 [0.00000000e+00 0.00000000e+00 9.02527076e-03 1.46209386e-01
  8.24308063e-02 0.00000000e+00 1.82310469e-01 4.36823105e-01
  3.00842359e-03 2.10589651e-02 4.75330927e-02 1.02286402e-02
  1.02286402e-02 3.00842359e-03 0.00000000e+00 3.36943442e-02
  1.38387485e-02 6.01684717e-04]
 [0.00000000e+00 0.00000000e+00 9.50871632e-03 1.58478605e-02
  1.58478605e-02 0.00000000e+00 4.75435816e-03 2.21870048e-02
  6.19651347e-01 3.16957211e-03 1.58478605e-03 1.90174326e-02
  3.01109350e-02 0.00000000e+00 1.15689382e-01 3.32805071e-02
  1.06180666e-01 3.16957211e-03]
 [0.00000000e+00 0.00000000e+00 0.00000000e+00 4.96183206e-02
  1.25954198e-01 0.00000000e+00 1.71755725e-01 2.44274809e-01
  3.81679389e-03 2.86259542e-01 3.43511450e-02 2.29007634e-02
  1.90839695e-02 0.00000000e+00 3.81679389e-03 1.14503817e-02
  2.29007634e-02 3.81679389e-03]
 [1.49031297e-03 0.00000000e+00 5.06706408e-02 2.08643815e-02
  1.96721311e-01 1.49031297e-03 2.41430700e-01 4.61997019e-02
  0.00000000e+00 0.00000000e+00 4.35171386e-01 0.00000000e+00
  2.98062593e-03 0.00000000e+00 0.00000000e+00 2.98062593e-03
  0.00000000e+00 0.00000000e+00]
 [0.00000000e+00 0.00000000e+00 1.94174757e-03 3.10679612e-02
  0.00000000e+00 0.00000000e+00 7.76699029e-03 2.52427184e-02
  3.88349515e-03 1.94174757e-03 0.00000000e+00 5.24271845e-01
  9.70873786e-03 3.68932039e-02 0.00000000e+00 1.55339806e-01
  2.00000000e-01 1.94174757e-03]
 [0.00000000e+00 0.00000000e+00 0.00000000e+00 4.88888889e-02
  0.00000000e+00 0.00000000e+00 8.88888889e-03 1.37777778e-01
  4.44444444e-03 4.44444444e-03 0.00000000e+00 1.33333333e-02
  5.11111111e-01 8.88888889e-03 4.44444444e-02 7.55555556e-02
  1.28888889e-01 1.33333333e-02]
 [0.00000000e+00 0.00000000e+00 0.00000000e+00 1.12149533e-01
  0.00000000e+00 0.00000000e+00 4.67289720e-03 4.67289720e-02
  0.00000000e+00 9.34579439e-03 0.00000000e+00 1.91588785e-01
  4.67289720e-03 3.45794393e-01 0.00000000e+00 1.21495327e-01
  1.49532710e-01 1.40186916e-02]
 [0.00000000e+00 0.00000000e+00 0.00000000e+00 5.20833333e-03
  0.00000000e+00 0.00000000e+00 0.00000000e+00 1.04166667e-02
  1.45833333e-01 5.20833333e-03 0.00000000e+00 0.00000000e+00
  0.00000000e+00 0.00000000e+00 7.34375000e-01 0.00000000e+00
  9.89583333e-02 0.00000000e+00]
 [0.00000000e+00 0.00000000e+00 0.00000000e+00 5.88235294e-02
  0.00000000e+00 0.00000000e+00 2.61437908e-02 5.22875817e-02
  6.53594771e-03 0.00000000e+00 0.00000000e+00 1.24183007e-01
  1.96078431e-02 3.92156863e-02 6.53594771e-02 2.94117647e-01
  2.74509804e-01 3.92156863e-02]
 [0.00000000e+00 0.00000000e+00 0.00000000e+00 1.38888889e-02
  0.00000000e+00 0.00000000e+00 0.00000000e+00 6.94444444e-03
  3.47222222e-02 0.00000000e+00 0.00000000e+00 5.55555556e-02
  1.38888889e-02 4.16666667e-02 3.40277778e-01 2.08333333e-02
  3.95833333e-01 7.63888889e-02]
 [0.00000000e+00 0.00000000e+00 0.00000000e+00 1.25000000e-01
  6.04838710e-03 0.00000000e+00 4.83870968e-02 5.44354839e-02
  2.21774194e-02 1.61290323e-02 0.00000000e+00 3.22580645e-02
  2.62096774e-02 2.21774194e-02 1.61290323e-02 1.10887097e-01
  2.07661290e-01 3.12500000e-01]]"
