percentage,metric,value
10,loss,1.383035758738048
10,accuracy,0.538056719617971
10,f1_score,0.4454384214849722
10,confusion_matrix,"[[4.76417342e-01 2.62029538e-01 2.53930443e-01 4.76417342e-04
  4.76417342e-04 5.24059076e-03 4.76417342e-04 0.00000000e+00
  0.00000000e+00 0.00000000e+00 0.00000000e+00 4.76417342e-04
  0.00000000e+00 0.00000000e+00 0.00000000e+00 4.76417342e-04
  0.00000000e+00 0.00000000e+00]
 [2.87076776e-01 5.86552217e-01 6.24701955e-02 4.76871722e-04
  0.00000000e+00 6.29470672e-02 4.76871722e-04 0.00000000e+00
  0.00000000e+00 0.00000000e+00 0.00000000e+00 0.00000000e+00
  0.00000000e+00 0.00000000e+00 0.00000000e+00 0.00000000e+00
  0.00000000e+00 0.00000000e+00]
 [1.00492611e-01 2.85714286e-02 7.06896552e-01 8.27586207e-02
  4.92610837e-02 6.40394089e-03 1.77339901e-02 4.92610837e-03
  0.00000000e+00 0.00000000e+00 2.46305419e-03 4.92610837e-04
  0.00000000e+00 0.00000000e+00 0.00000000e+00 0.00000000e+00
  0.00000000e+00 0.00000000e+00]
 [4.53514739e-04 0.00000000e+00 1.76870748e-02 7.57823129e-01
  1.95011338e-02 0.00000000e+00 6.07709751e-02 3.90022676e-02
  4.53514739e-04 5.44217687e-03 1.36054422e-03 2.72108844e-02
  1.17913832e-02 8.61678005e-03 4.53514739e-04 3.58276644e-02
  9.52380952e-03 4.08163265e-03]
 [2.32712766e-03 3.32446809e-04 6.61569149e-02 5.21941489e-02
  6.70212766e-01 5.65159574e-03 4.15558511e-02 5.18617021e-02
  4.65425532e-03 1.79521277e-02 6.84840426e-02 2.65957447e-03
  4.98670213e-03 3.32446809e-04 6.64893617e-04 8.64361702e-03
  1.32978723e-03 0.00000000e+00]
 [2.62348555e-01 2.54426841e-01 2.03168686e-01 0.00000000e+00
  9.31966449e-04 2.77726002e-01 1.39794967e-03 0.00000000e+00
  0.00000000e+00 0.00000000e+00 0.00000000e+00 0.00000000e+00
  0.00000000e+00 0.00000000e+00 0.00000000e+00 0.00000000e+00
  0.00000000e+00 0.00000000e+00]
 [0.00000000e+00 1.12866817e-03 5.02257336e-02 1.85665914e-01
  8.01354402e-02 1.12866817e-03 5.27088036e-01 4.85327314e-02
  0.00000000e+00 7.90067720e-03 5.13544018e-02 3.38600451e-03
  3.95033860e-03 1.69300226e-03 2.82167043e-03 2.42663657e-02
  7.33634312e-03 3.38600451e-03]
 [0.00000000e+00 0.00000000e+00 4.21179302e-03 1.68471721e-01
  1.07701564e-01 0.00000000e+00 1.14921781e-01 3.56799037e-01
  1.80505415e-03 3.36943442e-02 1.04693141e-01 2.28640193e-02
  2.16606498e-02 1.80505415e-03 6.01684717e-04 4.03128761e-02
  9.02527076e-03 1.14320096e-02]
 [0.00000000e+00 0.00000000e+00 6.33914422e-03 1.26782884e-02
  2.85261490e-02 0.00000000e+00 1.58478605e-03 3.01109350e-02
  6.32329635e-01 4.75435816e-03 1.42630745e-02 2.85261490e-02
  2.37717908e-02 0.00000000e+00 1.37876387e-01 2.69413629e-02
  4.75435816e-02 4.75435816e-03]
 [0.00000000e+00 0.00000000e+00 0.00000000e+00 3.43511450e-02
  1.71755725e-01 0.00000000e+00 1.33587786e-01 1.98473282e-01
  0.00000000e+00 2.90076336e-01 6.87022901e-02 1.90839695e-02
  4.58015267e-02 0.00000000e+00 3.81679389e-03 1.14503817e-02
  7.63358779e-03 1.52671756e-02]
 [1.49031297e-03 0.00000000e+00 4.02384501e-02 2.98062593e-02
  1.62444113e-01 0.00000000e+00 1.80327869e-01 7.30253353e-02
  1.49031297e-03 1.63934426e-02 4.85842027e-01 0.00000000e+00
  0.00000000e+00 0.00000000e+00 0.00000000e+00 8.94187779e-03
  0.00000000e+00 0.00000000e+00]
 [1.94174757e-03 0.00000000e+00 0.00000000e+00 3.49514563e-02
  1.35922330e-02 0.00000000e+00 5.82524272e-03 2.33009709e-02
  7.76699029e-03 1.35922330e-02 0.00000000e+00 5.94174757e-01
  1.94174757e-02 1.35922330e-02 1.94174757e-03 1.26213592e-01
  1.18446602e-01 2.52427184e-02]
 [0.00000000e+00 0.00000000e+00 0.00000000e+00 7.11111111e-02
  0.00000000e+00 0.00000000e+00 3.11111111e-02 1.37777778e-01
  2.66666667e-02 1.33333333e-02 4.44444444e-03 4.00000000e-02
  3.51111111e-01 2.22222222e-02 4.44444444e-02 8.88888889e-02
  8.44444444e-02 8.44444444e-02]
 [0.00000000e+00 0.00000000e+00 0.00000000e+00 1.44859813e-01
  1.40186916e-02 0.00000000e+00 1.86915888e-02 5.14018692e-02
  0.00000000e+00 0.00000000e+00 4.67289720e-03 3.87850467e-01
  9.34579439e-03 1.44859813e-01 4.67289720e-03 1.16822430e-01
  8.41121495e-02 1.86915888e-02]
 [0.00000000e+00 0.00000000e+00 0.00000000e+00 5.20833333e-03
  1.04166667e-02 0.00000000e+00 0.00000000e+00 5.20833333e-03
  2.23958333e-01 0.00000000e+00 0.00000000e+00 1.56250000e-02
  1.04166667e-02 0.00000000e+00 6.77083333e-01 5.20833333e-03
  3.64583333e-02 1.04166667e-02]
 [0.00000000e+00 0.00000000e+00 0.00000000e+00 4.57516340e-02
  0.00000000e+00 0.00000000e+00 1.30718954e-02 3.92156863e-02
  3.26797386e-02 6.53594771e-03 1.30718954e-02 2.28758170e-01
  5.88235294e-02 1.30718954e-02 7.84313725e-02 2.94117647e-01
  1.17647059e-01 5.88235294e-02]
 [0.00000000e+00 0.00000000e+00 0.00000000e+00 1.38888889e-02
  0.00000000e+00 0.00000000e+00 6.94444444e-03 6.94444444e-03
  1.31944444e-01 0.00000000e+00 0.00000000e+00 8.33333333e-02
  6.25000000e-02 2.77777778e-02 4.09722222e-01 4.16666667e-02
  1.80555556e-01 3.47222222e-02]
 [2.01612903e-03 0.00000000e+00 0.00000000e+00 1.14919355e-01
  8.06451613e-03 0.00000000e+00 5.04032258e-02 5.04032258e-02
  4.03225806e-02 1.41129032e-02 4.03225806e-03 8.87096774e-02
  2.82258065e-02 6.04838710e-03 6.04838710e-02 1.25000000e-01
  1.06854839e-01 3.00403226e-01]]"
