percentage,metric,value
20,loss,0.6184426788897961
20,accuracy,0.8266250852743398
20,f1_score,0.7767250056789763
20,confusion_matrix,"[[7.65602668e-01 1.14816579e-01 8.28966174e-02 1.42925202e-03
  1.90566937e-03 3.00142925e-02 1.42925202e-03 4.76417342e-04
  1.42925202e-03 0.00000000e+00 0.00000000e+00 0.00000000e+00
  0.00000000e+00 0.00000000e+00 0.00000000e+00 0.00000000e+00
  0.00000000e+00 0.00000000e+00]
 [1.65474487e-01 6.66666667e-01 5.53171197e-02 4.76871722e-04
  4.76871722e-04 1.11111111e-01 4.76871722e-04 0.00000000e+00
  0.00000000e+00 0.00000000e+00 0.00000000e+00 0.00000000e+00
  0.00000000e+00 0.00000000e+00 0.00000000e+00 0.00000000e+00
  0.00000000e+00 0.00000000e+00]
 [3.25123153e-02 1.08374384e-02 8.40886700e-01 3.69458128e-02
  1.37931034e-02 1.52709360e-02 3.69458128e-02 1.97044335e-03
  0.00000000e+00 0.00000000e+00 1.03448276e-02 0.00000000e+00
  0.00000000e+00 0.00000000e+00 4.92610837e-04 0.00000000e+00
  0.00000000e+00 0.00000000e+00]
 [1.81405896e-03 0.00000000e+00 1.08843537e-02 8.85714286e-01
  4.53514739e-03 0.00000000e+00 2.94784580e-02 1.81405896e-02
  0.00000000e+00 0.00000000e+00 0.00000000e+00 5.44217687e-03
  8.16326531e-03 7.25623583e-03 9.07029478e-04 1.58730159e-02
  1.04308390e-02 1.36054422e-03]
 [2.99202128e-03 0.00000000e+00 8.64361702e-03 8.64361702e-03
  9.37500000e-01 3.32446809e-04 1.89494681e-02 6.98138298e-03
  1.99468085e-03 1.32978723e-03 1.16356383e-02 6.64893617e-04
  0.00000000e+00 0.00000000e+00 0.00000000e+00 0.00000000e+00
  3.32446809e-04 0.00000000e+00]
 [8.48089469e-02 1.62628145e-01 2.51630941e-02 4.65983225e-04
  3.72786580e-03 7.20876048e-01 1.39794967e-03 0.00000000e+00
  4.65983225e-04 0.00000000e+00 0.00000000e+00 4.65983225e-04
  0.00000000e+00 0.00000000e+00 0.00000000e+00 0.00000000e+00
  0.00000000e+00 0.00000000e+00]
 [1.12866817e-03 5.64334086e-04 9.59367946e-03 1.29796840e-02
  2.25733634e-03 1.69300226e-03 9.50338600e-01 1.41083521e-02
  0.00000000e+00 0.00000000e+00 5.64334086e-03 0.00000000e+00
  0.00000000e+00 0.00000000e+00 0.00000000e+00 1.12866817e-03
  5.64334086e-04 0.00000000e+00]
 [0.00000000e+00 0.00000000e+00 6.01684717e-04 2.58724428e-02
  1.20336943e-02 0.00000000e+00 7.94223827e-02 8.59205776e-01
  1.20336943e-03 9.02527076e-03 1.80505415e-03 1.80505415e-03
  1.20336943e-03 0.00000000e+00 0.00000000e+00 6.61853189e-03
  1.20336943e-03 0.00000000e+00]
 [0.00000000e+00 0.00000000e+00 0.00000000e+00 6.33914422e-03
  7.92393027e-03 0.00000000e+00 4.75435816e-03 1.10935024e-02
  9.68304279e-01 0.00000000e+00 0.00000000e+00 0.00000000e+00
  0.00000000e+00 0.00000000e+00 1.58478605e-03 0.00000000e+00
  0.00000000e+00 0.00000000e+00]
 [0.00000000e+00 0.00000000e+00 0.00000000e+00 1.14503817e-02
  2.29007634e-02 0.00000000e+00 1.14503817e-02 1.18320611e-01
  2.67175573e-02 7.86259542e-01 3.81679389e-03 0.00000000e+00
  0.00000000e+00 0.00000000e+00 1.90839695e-02 0.00000000e+00
  0.00000000e+00 0.00000000e+00]
 [0.00000000e+00 0.00000000e+00 1.93740686e-02 0.00000000e+00
  4.47093890e-02 5.96125186e-03 1.13263785e-01 1.63934426e-02
  0.00000000e+00 1.04321908e-02 7.89865872e-01 0.00000000e+00
  0.00000000e+00 0.00000000e+00 0.00000000e+00 0.00000000e+00
  0.00000000e+00 0.00000000e+00]
 [0.00000000e+00 0.00000000e+00 1.94174757e-03 1.74757282e-02
  0.00000000e+00 0.00000000e+00 1.94174757e-03 3.88349515e-03
  1.94174757e-03 0.00000000e+00 1.94174757e-03 7.82524272e-01
  0.00000000e+00 3.88349515e-03 0.00000000e+00 1.57281553e-01
  2.71844660e-02 0.00000000e+00]
 [0.00000000e+00 0.00000000e+00 0.00000000e+00 4.44444444e-03
  0.00000000e+00 0.00000000e+00 4.44444444e-03 4.44444444e-03
  0.00000000e+00 0.00000000e+00 0.00000000e+00 0.00000000e+00
  9.20000000e-01 0.00000000e+00 0.00000000e+00 4.44444444e-03
  6.22222222e-02 0.00000000e+00]
 [0.00000000e+00 0.00000000e+00 0.00000000e+00 2.33644860e-02
  0.00000000e+00 0.00000000e+00 4.67289720e-03 1.40186916e-02
  0.00000000e+00 0.00000000e+00 0.00000000e+00 1.40186916e-02
  1.40186916e-02 4.29906542e-01 0.00000000e+00 2.33644860e-01
  2.66355140e-01 0.00000000e+00]
 [0.00000000e+00 0.00000000e+00 0.00000000e+00 0.00000000e+00
  0.00000000e+00 0.00000000e+00 0.00000000e+00 1.04166667e-02
  1.56250000e-02 0.00000000e+00 0.00000000e+00 0.00000000e+00
  0.00000000e+00 0.00000000e+00 9.16666667e-01 0.00000000e+00
  4.68750000e-02 1.04166667e-02]
 [0.00000000e+00 0.00000000e+00 0.00000000e+00 6.53594771e-03
  0.00000000e+00 0.00000000e+00 6.53594771e-03 1.30718954e-02
  1.30718954e-02 0.00000000e+00 0.00000000e+00 1.96078431e-02
  6.53594771e-03 0.00000000e+00 1.30718954e-01 6.86274510e-01
  3.92156863e-02 7.84313725e-02]
 [0.00000000e+00 0.00000000e+00 0.00000000e+00 0.00000000e+00
  0.00000000e+00 0.00000000e+00 0.00000000e+00 0.00000000e+00
  0.00000000e+00 0.00000000e+00 0.00000000e+00 6.94444444e-03
  0.00000000e+00 6.94444444e-03 4.51388889e-01 1.38888889e-02
  3.40277778e-01 1.80555556e-01]
 [0.00000000e+00 0.00000000e+00 0.00000000e+00 1.41129032e-02
  0.00000000e+00 0.00000000e+00 4.23387097e-02 8.06451613e-03
  0.00000000e+00 0.00000000e+00 2.01612903e-03 0.00000000e+00
  4.03225806e-03 0.00000000e+00 8.06451613e-03 2.01612903e-02
  1.20967742e-02 8.89112903e-01]]"
