percentage,metric,value
40,loss,1.2240338968119417
40,accuracy,0.5688529383101062
40,f1_score,0.5137731497506404
40,confusion_matrix,"[[4.60695569e-01 1.71033826e-01 3.60647928e-01 9.52834683e-04
  4.76417342e-04 4.76417342e-03 0.00000000e+00 0.00000000e+00
  4.76417342e-04 0.00000000e+00 0.00000000e+00 0.00000000e+00
  0.00000000e+00 0.00000000e+00 4.76417342e-04 4.76417342e-04
  0.00000000e+00 0.00000000e+00]
 [4.06771578e-01 4.64949928e-01 8.29756795e-02 0.00000000e+00
  0.00000000e+00 4.48259418e-02 4.76871722e-04 0.00000000e+00
  0.00000000e+00 0.00000000e+00 0.00000000e+00 0.00000000e+00
  0.00000000e+00 0.00000000e+00 0.00000000e+00 0.00000000e+00
  0.00000000e+00 0.00000000e+00]
 [8.76847291e-02 1.47783251e-02 7.38423645e-01 5.02463054e-02
  4.97536946e-02 1.37931034e-02 3.84236453e-02 2.46305419e-03
  0.00000000e+00 0.00000000e+00 4.43349754e-03 0.00000000e+00
  0.00000000e+00 0.00000000e+00 0.00000000e+00 0.00000000e+00
  0.00000000e+00 0.00000000e+00]
 [0.00000000e+00 0.00000000e+00 2.13151927e-02 7.60090703e-01
  1.85941043e-02 9.07029478e-04 6.43990930e-02 2.08616780e-02
  0.00000000e+00 3.62811791e-03 1.36054422e-03 2.40362812e-02
  5.44217687e-03 1.95011338e-02 0.00000000e+00 4.58049887e-02
  9.07029478e-03 4.98866213e-03]
 [1.66223404e-03 0.00000000e+00 5.25265957e-02 3.42420213e-02
  7.26063830e-01 6.64893617e-03 4.62101064e-02 3.49069149e-02
  6.64893617e-03 6.98138298e-03 6.48271277e-02 4.65425532e-03
  1.99468085e-03 1.32978723e-03 3.32446809e-04 9.30851064e-03
  1.66223404e-03 0.00000000e+00]
 [3.09878844e-01 1.82665424e-01 2.04100652e-01 0.00000000e+00
  1.39794967e-03 3.00559180e-01 9.31966449e-04 4.65983225e-04
  0.00000000e+00 0.00000000e+00 0.00000000e+00 0.00000000e+00
  0.00000000e+00 0.00000000e+00 0.00000000e+00 0.00000000e+00
  0.00000000e+00 0.00000000e+00]
 [0.00000000e+00 0.00000000e+00 3.78103837e-02 1.36004515e-01
  5.13544018e-02 5.64334086e-03 6.25846501e-01 5.07900677e-02
  0.00000000e+00 6.20767494e-03 4.74040632e-02 2.25733634e-03
  2.25733634e-03 5.64334086e-04 0.00000000e+00 2.53950339e-02
  6.20767494e-03 2.25733634e-03]
 [0.00000000e+00 0.00000000e+00 3.61010830e-03 1.31768953e-01
  8.90493381e-02 0.00000000e+00 1.45607702e-01 4.31407942e-01
  1.80505415e-03 2.64741276e-02 6.73886883e-02 2.52707581e-02
  9.02527076e-03 3.00842359e-03 1.20336943e-03 4.45246691e-02
  1.44404332e-02 5.41516245e-03]
 [1.58478605e-03 0.00000000e+00 4.75435816e-03 9.50871632e-03
  2.06022187e-02 0.00000000e+00 7.92393027e-03 1.58478605e-02
  7.05229794e-01 3.16957211e-03 0.00000000e+00 2.37717908e-02
  1.10935024e-02 1.58478605e-03 8.55784469e-02 3.01109350e-02
  7.44849445e-02 4.75435816e-03]
 [0.00000000e+00 0.00000000e+00 0.00000000e+00 6.10687023e-02
  1.06870229e-01 0.00000000e+00 1.33587786e-01 2.02290076e-01
  1.52671756e-02 3.58778626e-01 3.81679389e-02 3.43511450e-02
  3.81679389e-03 0.00000000e+00 3.81679389e-03 2.67175573e-02
  1.14503817e-02 3.81679389e-03]
 [1.49031297e-03 0.00000000e+00 3.12965723e-02 2.98062593e-02
  1.59463487e-01 1.49031297e-03 2.02682563e-01 4.61997019e-02
  1.49031297e-03 8.94187779e-03 5.08196721e-01 0.00000000e+00
  1.49031297e-03 0.00000000e+00 0.00000000e+00 5.96125186e-03
  1.49031297e-03 0.00000000e+00]
 [1.94174757e-03 0.00000000e+00 0.00000000e+00 1.74757282e-02
  0.00000000e+00 0.00000000e+00 1.94174757e-03 7.76699029e-03
  9.70873786e-03 3.88349515e-03 1.94174757e-03 7.47572816e-01
  1.94174757e-03 1.16504854e-02 0.00000000e+00 7.37864078e-02
  1.14563107e-01 5.82524272e-03]
 [0.00000000e+00 0.00000000e+00 0.00000000e+00 2.66666667e-02
  4.44444444e-03 0.00000000e+00 1.77777778e-02 7.11111111e-02
  4.44444444e-03 8.88888889e-03 4.44444444e-03 9.77777778e-02
  4.57777778e-01 8.88888889e-03 4.00000000e-02 9.77777778e-02
  1.02222222e-01 5.77777778e-02]
 [0.00000000e+00 0.00000000e+00 0.00000000e+00 5.14018692e-02
  9.34579439e-03 0.00000000e+00 4.67289720e-03 3.27102804e-02
  0.00000000e+00 4.67289720e-03 0.00000000e+00 2.94392523e-01
  4.67289720e-03 2.99065421e-01 0.00000000e+00 1.30841121e-01
  1.44859813e-01 2.33644860e-02]
 [0.00000000e+00 0.00000000e+00 0.00000000e+00 5.20833333e-03
  5.20833333e-03 0.00000000e+00 0.00000000e+00 0.00000000e+00
  1.51041667e-01 0.00000000e+00 0.00000000e+00 5.20833333e-03
  0.00000000e+00 0.00000000e+00 7.60416667e-01 0.00000000e+00
  4.16666667e-02 3.12500000e-02]
 [0.00000000e+00 0.00000000e+00 0.00000000e+00 3.26797386e-02
  6.53594771e-03 0.00000000e+00 6.53594771e-03 1.30718954e-02
  2.61437908e-02 0.00000000e+00 0.00000000e+00 2.35294118e-01
  0.00000000e+00 1.30718954e-02 9.15032680e-02 3.98692810e-01
  1.37254902e-01 3.92156863e-02]
 [0.00000000e+00 0.00000000e+00 0.00000000e+00 1.38888889e-02
  0.00000000e+00 0.00000000e+00 0.00000000e+00 1.38888889e-02
  1.11111111e-01 0.00000000e+00 0.00000000e+00 9.72222222e-02
  0.00000000e+00 4.16666667e-02 3.05555556e-01 2.77777778e-02
  2.91666667e-01 9.72222222e-02]
 [0.00000000e+00 0.00000000e+00 0.00000000e+00 9.67741935e-02
  4.03225806e-03 0.00000000e+00 5.24193548e-02 4.83870968e-02
  1.81451613e-02 6.04838710e-03 4.03225806e-03 5.24193548e-02
  1.00806452e-02 6.04838710e-03 2.82258065e-02 5.44354839e-02
  1.73387097e-01 4.45564516e-01]]"
