percentage,metric,value
100,loss,1.150558253821545
100,accuracy,0.5477049020563298
100,f1_score,0.5139477696066719
100,confusion_matrix,"[[4.04954740e-01 0.00000000e+00 5.91233921e-01 4.76417342e-04
  0.00000000e+00 1.42925202e-03 9.52834683e-04 0.00000000e+00
  4.76417342e-04 0.00000000e+00 0.00000000e+00 0.00000000e+00
  0.00000000e+00 0.00000000e+00 4.76417342e-04 0.00000000e+00
  0.00000000e+00 0.00000000e+00]
 [7.18168813e-01 0.00000000e+00 2.50834526e-01 9.53743443e-04
  9.53743443e-04 2.90891750e-02 0.00000000e+00 0.00000000e+00
  0.00000000e+00 0.00000000e+00 0.00000000e+00 0.00000000e+00
  0.00000000e+00 0.00000000e+00 0.00000000e+00 0.00000000e+00
  0.00000000e+00 0.00000000e+00]
 [4.13793103e-02 0.00000000e+00 8.30541872e-01 5.41871921e-02
  3.64532020e-02 5.91133005e-03 2.56157635e-02 2.46305419e-03
  0.00000000e+00 0.00000000e+00 2.95566502e-03 0.00000000e+00
  0.00000000e+00 0.00000000e+00 0.00000000e+00 4.92610837e-04
  0.00000000e+00 0.00000000e+00]
 [0.00000000e+00 0.00000000e+00 2.58503401e-02 8.06802721e-01
  1.49659864e-02 0.00000000e+00 3.44671202e-02 3.67346939e-02
  0.00000000e+00 9.07029478e-04 4.53514739e-04 8.61678005e-03
  6.80272109e-03 1.49659864e-02 0.00000000e+00 3.21995465e-02
  1.13378685e-02 5.89569161e-03]
 [0.00000000e+00 0.00000000e+00 6.28324468e-02 3.25797872e-02
  7.72938830e-01 5.65159574e-03 3.25797872e-02 3.78989362e-02
  1.99468085e-03 1.13031915e-02 3.12500000e-02 2.32712766e-03
  3.65691489e-03 0.00000000e+00 0.00000000e+00 3.98936170e-03
  6.64893617e-04 3.32446809e-04]
 [3.69524697e-01 0.00000000e+00 3.37371855e-01 4.65983225e-04
  9.31966449e-04 2.88909599e-01 2.32991612e-03 4.65983225e-04
  0.00000000e+00 0.00000000e+00 0.00000000e+00 0.00000000e+00
  0.00000000e+00 0.00000000e+00 0.00000000e+00 0.00000000e+00
  0.00000000e+00 0.00000000e+00]
 [5.64334086e-04 0.00000000e+00 3.72460497e-02 1.34311512e-01
  5.24830700e-02 7.33634312e-03 6.31489842e-01 5.36117381e-02
  0.00000000e+00 1.35440181e-02 3.78103837e-02 1.12866817e-03
  2.25733634e-03 5.64334086e-04 0.00000000e+00 2.03160271e-02
  2.25733634e-03 5.07900677e-03]
 [0.00000000e+00 0.00000000e+00 9.02527076e-03 1.22743682e-01
  7.64139591e-02 0.00000000e+00 1.13116727e-01 5.30084236e-01
  1.20336943e-03 2.82791817e-02 4.75330927e-02 1.02286402e-02
  1.20336943e-02 3.00842359e-03 6.01684717e-04 2.94825511e-02
  1.32370638e-02 3.00842359e-03]
 [0.00000000e+00 0.00000000e+00 6.33914422e-03 1.58478605e-02
  1.58478605e-02 0.00000000e+00 9.50871632e-03 1.58478605e-02
  7.09984152e-01 3.16957211e-03 4.75435816e-03 6.33914422e-03
  2.21870048e-02 0.00000000e+00 7.92393027e-02 2.85261490e-02
  7.60697306e-02 6.33914422e-03]
 [0.00000000e+00 0.00000000e+00 0.00000000e+00 4.58015267e-02
  1.22137405e-01 0.00000000e+00 9.92366412e-02 1.94656489e-01
  3.81679389e-03 3.74045802e-01 8.01526718e-02 7.63358779e-03
  3.05343511e-02 0.00000000e+00 3.81679389e-03 2.29007634e-02
  7.63358779e-03 7.63358779e-03]
 [0.00000000e+00 0.00000000e+00 3.72578241e-02 1.49031297e-02
  1.54992548e-01 1.49031297e-03 2.07153502e-01 4.32190760e-02
  1.49031297e-03 1.04321908e-02 5.26080477e-01 1.49031297e-03
  0.00000000e+00 0.00000000e+00 0.00000000e+00 1.49031297e-03
  0.00000000e+00 0.00000000e+00]
 [0.00000000e+00 0.00000000e+00 1.94174757e-03 1.55339806e-02
  5.82524272e-03 0.00000000e+00 0.00000000e+00 3.88349515e-02
  3.88349515e-03 0.00000000e+00 0.00000000e+00 6.56310680e-01
  1.94174757e-03 3.30097087e-02 0.00000000e+00 1.22330097e-01
  1.16504854e-01 3.88349515e-03]
 [0.00000000e+00 0.00000000e+00 0.00000000e+00 2.22222222e-02
  0.00000000e+00 0.00000000e+00 4.44444444e-03 6.22222222e-02
  0.00000000e+00 4.44444444e-03 0.00000000e+00 4.00000000e-02
  6.80000000e-01 0.00000000e+00 1.33333333e-02 3.55555556e-02
  1.11111111e-01 2.66666667e-02]
 [0.00000000e+00 0.00000000e+00 0.00000000e+00 9.81308411e-02
  4.67289720e-03 0.00000000e+00 4.67289720e-03 2.33644860e-02
  0.00000000e+00 4.67289720e-03 0.00000000e+00 1.72897196e-01
  0.00000000e+00 3.41121495e-01 0.00000000e+00 1.68224299e-01
  1.54205607e-01 2.80373832e-02]
 [0.00000000e+00 0.00000000e+00 0.00000000e+00 5.20833333e-03
  5.20833333e-03 0.00000000e+00 0.00000000e+00 0.00000000e+00
  9.89583333e-02 1.04166667e-02 0.00000000e+00 0.00000000e+00
  5.20833333e-03 0.00000000e+00 7.96875000e-01 5.20833333e-03
  4.68750000e-02 2.60416667e-02]
 [0.00000000e+00 0.00000000e+00 0.00000000e+00 4.57516340e-02
  0.00000000e+00 0.00000000e+00 0.00000000e+00 3.92156863e-02
  1.30718954e-02 0.00000000e+00 6.53594771e-03 1.17647059e-01
  6.53594771e-03 1.30718954e-02 5.88235294e-02 4.05228758e-01
  2.09150327e-01 8.49673203e-02]
 [0.00000000e+00 0.00000000e+00 0.00000000e+00 6.94444444e-03
  0.00000000e+00 0.00000000e+00 0.00000000e+00 0.00000000e+00
  5.55555556e-02 0.00000000e+00 0.00000000e+00 4.16666667e-02
  0.00000000e+00 4.86111111e-02 2.77777778e-01 2.77777778e-02
  4.51388889e-01 9.02777778e-02]
 [0.00000000e+00 0.00000000e+00 0.00000000e+00 1.06854839e-01
  6.04838710e-03 0.00000000e+00 4.83870968e-02 6.25000000e-02
  1.41129032e-02 1.00806452e-02 4.03225806e-03 2.41935484e-02
  2.41935484e-02 4.03225806e-03 1.20967742e-02 6.25000000e-02
  1.43145161e-01 4.77822581e-01]]"
