percentage,metric,value
30,loss,1.2093676899843613
30,accuracy,0.5521391677224442
30,f1_score,0.4931662872199927
30,confusion_matrix,"[[5.15483564e-01 2.85850405e-02 4.45926632e-01 0.00000000e+00
  0.00000000e+00 8.09909481e-03 4.76417342e-04 4.76417342e-04
  4.76417342e-04 0.00000000e+00 0.00000000e+00 0.00000000e+00
  0.00000000e+00 0.00000000e+00 0.00000000e+00 0.00000000e+00
  4.76417342e-04 0.00000000e+00]
 [5.57463042e-01 2.01239866e-01 1.31616595e-01 4.76871722e-04
  0.00000000e+00 1.09203624e-01 0.00000000e+00 0.00000000e+00
  0.00000000e+00 0.00000000e+00 0.00000000e+00 0.00000000e+00
  0.00000000e+00 0.00000000e+00 0.00000000e+00 0.00000000e+00
  0.00000000e+00 0.00000000e+00]
 [7.33990148e-02 2.95566502e-03 7.62068966e-01 4.48275862e-02
  4.97536946e-02 1.92118227e-02 3.99014778e-02 1.97044335e-03
  0.00000000e+00 9.85221675e-04 4.43349754e-03 4.92610837e-04
  0.00000000e+00 0.00000000e+00 0.00000000e+00 0.00000000e+00
  0.00000000e+00 0.00000000e+00]
 [0.00000000e+00 0.00000000e+00 3.17460317e-02 7.55102041e-01
  2.22222222e-02 4.53514739e-04 7.48299320e-02 3.85487528e-02
  0.00000000e+00 4.53514739e-03 9.07029478e-04 1.26984127e-02
  4.53514739e-03 1.13378685e-02 0.00000000e+00 3.12925170e-02
  9.52380952e-03 2.26757370e-03]
 [3.32446809e-04 0.00000000e+00 6.11702128e-02 2.16090426e-02
  7.44680851e-01 9.30851064e-03 5.15292553e-02 2.99202128e-02
  3.98936170e-03 1.13031915e-02 5.01994681e-02 6.64893617e-03
  1.66223404e-03 6.64893617e-04 0.00000000e+00 4.98670213e-03
  1.66223404e-03 3.32446809e-04]
 [3.29916123e-01 6.66356011e-02 2.20410065e-01 0.00000000e+00
  9.31966449e-04 3.80242311e-01 1.86393290e-03 0.00000000e+00
  0.00000000e+00 0.00000000e+00 0.00000000e+00 0.00000000e+00
  0.00000000e+00 0.00000000e+00 0.00000000e+00 0.00000000e+00
  0.00000000e+00 0.00000000e+00]
 [0.00000000e+00 0.00000000e+00 4.34537246e-02 1.33747178e-01
  6.15124153e-02 9.59367946e-03 6.16252822e-01 4.74040632e-02
  0.00000000e+00 1.69300226e-02 3.83747178e-02 1.12866817e-03
  2.25733634e-03 2.25733634e-03 0.00000000e+00 2.37020316e-02
  3.38600451e-03 0.00000000e+00]
 [0.00000000e+00 0.00000000e+00 5.41516245e-03 1.13116727e-01
  9.80746089e-02 0.00000000e+00 1.93742479e-01 4.30204573e-01
  0.00000000e+00 3.24909747e-02 6.85920578e-02 7.22021661e-03
  4.81347774e-03 2.40673887e-03 0.00000000e+00 2.58724428e-02
  1.02286402e-02 7.82190132e-03]
 [0.00000000e+00 0.00000000e+00 7.92393027e-03 1.10935024e-02
  2.69413629e-02 0.00000000e+00 1.10935024e-02 2.37717908e-02
  6.40253566e-01 6.33914422e-03 4.75435816e-03 1.90174326e-02
  1.42630745e-02 0.00000000e+00 9.19175911e-02 2.21870048e-02
  1.15689382e-01 4.75435816e-03]
 [0.00000000e+00 0.00000000e+00 0.00000000e+00 6.48854962e-02
  1.56488550e-01 0.00000000e+00 1.22137405e-01 1.94656489e-01
  3.81679389e-03 3.35877863e-01 6.48854962e-02 7.63358779e-03
  1.52671756e-02 3.81679389e-03 7.63358779e-03 7.63358779e-03
  1.14503817e-02 3.81679389e-03]
 [1.49031297e-03 0.00000000e+00 3.87481371e-02 5.96125186e-03
  1.46050671e-01 2.98062593e-03 2.62295082e-01 4.32190760e-02
  0.00000000e+00 5.96125186e-03 4.88822653e-01 1.49031297e-03
  0.00000000e+00 0.00000000e+00 0.00000000e+00 2.98062593e-03
  0.00000000e+00 0.00000000e+00]
 [0.00000000e+00 0.00000000e+00 1.94174757e-03 2.91262136e-02
  3.88349515e-03 0.00000000e+00 0.00000000e+00 2.13592233e-02
  0.00000000e+00 0.00000000e+00 1.94174757e-03 7.00970874e-01
  1.94174757e-03 1.74757282e-02 0.00000000e+00 1.00970874e-01
  1.16504854e-01 3.88349515e-03]
 [0.00000000e+00 0.00000000e+00 0.00000000e+00 4.88888889e-02
  8.88888889e-03 0.00000000e+00 2.22222222e-02 7.55555556e-02
  4.44444444e-03 1.77777778e-02 0.00000000e+00 8.88888889e-02
  4.13333333e-01 4.44444444e-03 2.22222222e-02 7.11111111e-02
  1.60000000e-01 6.22222222e-02]
 [0.00000000e+00 0.00000000e+00 0.00000000e+00 1.02803738e-01
  0.00000000e+00 0.00000000e+00 1.40186916e-02 6.07476636e-02
  0.00000000e+00 9.34579439e-03 0.00000000e+00 2.71028037e-01
  4.67289720e-03 2.61682243e-01 4.67289720e-03 1.58878505e-01
  9.81308411e-02 1.40186916e-02]
 [0.00000000e+00 0.00000000e+00 0.00000000e+00 5.20833333e-03
  5.20833333e-03 0.00000000e+00 0.00000000e+00 5.20833333e-03
  9.37500000e-02 5.20833333e-03 0.00000000e+00 0.00000000e+00
  0.00000000e+00 0.00000000e+00 7.96875000e-01 0.00000000e+00
  7.81250000e-02 1.04166667e-02]
 [0.00000000e+00 0.00000000e+00 0.00000000e+00 4.57516340e-02
  0.00000000e+00 0.00000000e+00 3.92156863e-02 7.84313725e-02
  2.61437908e-02 0.00000000e+00 0.00000000e+00 2.28758170e-01
  1.30718954e-02 1.30718954e-02 4.57516340e-02 3.33333333e-01
  1.43790850e-01 3.26797386e-02]
 [0.00000000e+00 0.00000000e+00 0.00000000e+00 2.77777778e-02
  0.00000000e+00 0.00000000e+00 6.94444444e-03 6.94444444e-03
  1.38888889e-02 0.00000000e+00 0.00000000e+00 8.33333333e-02
  1.38888889e-02 3.47222222e-02 3.40277778e-01 5.55555556e-02
  3.61111111e-01 5.55555556e-02]
 [0.00000000e+00 0.00000000e+00 2.01612903e-03 1.37096774e-01
  6.04838710e-03 0.00000000e+00 6.85483871e-02 7.86290323e-02
  1.61290323e-02 1.41129032e-02 6.04838710e-03 4.83870968e-02
  1.61290323e-02 2.62096774e-02 2.21774194e-02 6.65322581e-02
  1.57258065e-01 3.34677419e-01]]"
