percentage,metric,value
50,loss,1.2279379349305388
50,accuracy,0.5611051554429393
50,f1_score,0.5011245684336042
50,confusion_matrix,"[[5.72653645e-01 1.51977132e-01 2.72034302e-01 0.00000000e+00
  4.76417342e-04 1.42925202e-03 4.76417342e-04 0.00000000e+00
  4.76417342e-04 0.00000000e+00 0.00000000e+00 0.00000000e+00
  0.00000000e+00 0.00000000e+00 0.00000000e+00 0.00000000e+00
  0.00000000e+00 4.76417342e-04]
 [4.92131617e-01 4.21554602e-01 4.91177873e-02 4.76871722e-04
  0.00000000e+00 3.62422508e-02 4.76871722e-04 0.00000000e+00
  0.00000000e+00 0.00000000e+00 0.00000000e+00 0.00000000e+00
  0.00000000e+00 0.00000000e+00 0.00000000e+00 0.00000000e+00
  0.00000000e+00 0.00000000e+00]
 [1.19211823e-01 1.23152709e-02 7.36453202e-01 5.86206897e-02
  2.75862069e-02 6.89655172e-03 3.64532020e-02 1.47783251e-03
  0.00000000e+00 0.00000000e+00 9.85221675e-04 0.00000000e+00
  0.00000000e+00 0.00000000e+00 0.00000000e+00 0.00000000e+00
  0.00000000e+00 0.00000000e+00]
 [4.53514739e-04 0.00000000e+00 2.08616780e-02 7.98639456e-01
  6.80272109e-03 4.53514739e-04 4.89795918e-02 2.90249433e-02
  0.00000000e+00 1.36054422e-03 0.00000000e+00 1.45124717e-02
  4.98866213e-03 1.54195011e-02 0.00000000e+00 3.17460317e-02
  2.35827664e-02 3.17460317e-03]
 [2.65957447e-03 0.00000000e+00 8.17819149e-02 4.78723404e-02
  6.64893617e-01 5.65159574e-03 5.58510638e-02 4.75398936e-02
  4.32180851e-03 9.97340426e-03 4.75398936e-02 1.06382979e-02
  5.31914894e-03 1.66223404e-03 0.00000000e+00 8.97606383e-03
  4.98670213e-03 3.32446809e-04]
 [3.52283318e-01 2.00372787e-01 1.52376514e-01 0.00000000e+00
  9.31966449e-04 2.92171482e-01 1.86393290e-03 0.00000000e+00
  0.00000000e+00 0.00000000e+00 0.00000000e+00 0.00000000e+00
  0.00000000e+00 0.00000000e+00 0.00000000e+00 0.00000000e+00
  0.00000000e+00 0.00000000e+00]
 [2.25733634e-03 0.00000000e+00 4.57110609e-02 1.52934537e-01
  3.16027088e-02 6.77200903e-03 6.36568849e-01 4.28893905e-02
  0.00000000e+00 5.64334086e-03 2.99097065e-02 4.51467269e-03
  3.95033860e-03 2.82167043e-03 0.00000000e+00 2.08803612e-02
  1.12866817e-02 2.25733634e-03]
 [0.00000000e+00 0.00000000e+00 6.01684717e-03 1.68471721e-01
  6.31768953e-02 0.00000000e+00 1.45006017e-01 4.05535499e-01
  6.01684717e-04 1.74488568e-02 5.53549940e-02 1.98555957e-02
  2.22623345e-02 5.41516245e-03 0.00000000e+00 4.27196149e-02
  3.91095066e-02 9.02527076e-03]
 [0.00000000e+00 0.00000000e+00 7.92393027e-03 7.92393027e-03
  1.58478605e-02 0.00000000e+00 9.50871632e-03 1.26782884e-02
  6.03803487e-01 3.16957211e-03 0.00000000e+00 3.32805071e-02
  2.21870048e-02 0.00000000e+00 1.22028526e-01 2.21870048e-02
  1.22028526e-01 1.74326466e-02]
 [0.00000000e+00 0.00000000e+00 0.00000000e+00 4.96183206e-02
  9.16030534e-02 0.00000000e+00 1.75572519e-01 2.48091603e-01
  0.00000000e+00 2.55725191e-01 5.72519084e-02 2.67175573e-02
  3.81679389e-02 0.00000000e+00 3.81679389e-03 1.90839695e-02
  3.05343511e-02 3.81679389e-03]
 [1.49031297e-03 0.00000000e+00 3.57675112e-02 2.83159463e-02
  1.20715350e-01 1.49031297e-03 2.77198212e-01 5.36512668e-02
  0.00000000e+00 1.49031297e-03 4.70938897e-01 1.49031297e-03
  1.49031297e-03 0.00000000e+00 0.00000000e+00 4.47093890e-03
  1.49031297e-03 0.00000000e+00]
 [1.94174757e-03 0.00000000e+00 0.00000000e+00 2.91262136e-02
  0.00000000e+00 0.00000000e+00 0.00000000e+00 9.70873786e-03
  0.00000000e+00 0.00000000e+00 1.94174757e-03 6.25242718e-01
  3.88349515e-03 2.33009709e-02 0.00000000e+00 1.08737864e-01
  1.84466019e-01 1.16504854e-02]
 [0.00000000e+00 0.00000000e+00 0.00000000e+00 2.66666667e-02
  0.00000000e+00 0.00000000e+00 8.88888889e-03 4.00000000e-02
  0.00000000e+00 4.44444444e-03 0.00000000e+00 1.33333333e-02
  5.68888889e-01 4.44444444e-03 2.22222222e-02 5.33333333e-02
  2.26666667e-01 3.11111111e-02]
 [0.00000000e+00 0.00000000e+00 0.00000000e+00 4.20560748e-02
  1.40186916e-02 0.00000000e+00 0.00000000e+00 2.33644860e-02
  4.67289720e-03 4.67289720e-03 0.00000000e+00 2.00934579e-01
  9.34579439e-03 3.22429907e-01 0.00000000e+00 1.96261682e-01
  1.72897196e-01 9.34579439e-03]
 [0.00000000e+00 0.00000000e+00 0.00000000e+00 5.20833333e-03
  5.20833333e-03 0.00000000e+00 0.00000000e+00 0.00000000e+00
  1.35416667e-01 0.00000000e+00 0.00000000e+00 5.20833333e-03
  5.20833333e-03 0.00000000e+00 7.60416667e-01 5.20833333e-03
  5.72916667e-02 2.08333333e-02]
 [0.00000000e+00 0.00000000e+00 0.00000000e+00 3.26797386e-02
  0.00000000e+00 0.00000000e+00 6.53594771e-03 0.00000000e+00
  1.30718954e-02 0.00000000e+00 0.00000000e+00 1.56862745e-01
  1.96078431e-02 3.92156863e-02 7.18954248e-02 3.92156863e-01
  2.22222222e-01 4.57516340e-02]
 [0.00000000e+00 0.00000000e+00 0.00000000e+00 6.94444444e-03
  0.00000000e+00 0.00000000e+00 0.00000000e+00 0.00000000e+00
  4.86111111e-02 0.00000000e+00 0.00000000e+00 6.94444444e-02
  1.38888889e-02 2.77777778e-02 2.91666667e-01 4.16666667e-02
  4.02777778e-01 9.72222222e-02]
 [0.00000000e+00 0.00000000e+00 0.00000000e+00 1.12903226e-01
  0.00000000e+00 0.00000000e+00 4.83870968e-02 2.41935484e-02
  2.01612903e-02 1.00806452e-02 6.04838710e-03 3.62903226e-02
  2.41935484e-02 1.20967742e-02 2.21774194e-02 8.46774194e-02
  2.01612903e-01 3.97177419e-01]]"
