percentage,metric,value
20,loss,1.2416153203562772
20,accuracy,0.5754799727122113
20,f1_score,0.4984943130239843
20,confusion_matrix,"[[5.27393997e-01 3.19676036e-01 1.48165793e-01 0.00000000e+00
  0.00000000e+00 2.85850405e-03 4.76417342e-04 4.76417342e-04
  4.76417342e-04 0.00000000e+00 0.00000000e+00 0.00000000e+00
  0.00000000e+00 0.00000000e+00 4.76417342e-04 0.00000000e+00
  0.00000000e+00 0.00000000e+00]
 [2.91368622e-01 6.31855031e-01 3.48116357e-02 0.00000000e+00
  0.00000000e+00 4.14878398e-02 4.76871722e-04 0.00000000e+00
  0.00000000e+00 0.00000000e+00 0.00000000e+00 0.00000000e+00
  0.00000000e+00 0.00000000e+00 0.00000000e+00 0.00000000e+00
  0.00000000e+00 0.00000000e+00]
 [1.43842365e-01 3.44827586e-02 6.71428571e-01 5.07389163e-02
  4.58128079e-02 1.13300493e-02 3.44827586e-02 2.95566502e-03
  0.00000000e+00 0.00000000e+00 4.92610837e-03 0.00000000e+00
  0.00000000e+00 0.00000000e+00 0.00000000e+00 0.00000000e+00
  0.00000000e+00 0.00000000e+00]
 [4.53514739e-04 0.00000000e+00 2.63038549e-02 7.77324263e-01
  1.08843537e-02 4.53514739e-04 5.71428571e-02 3.94557823e-02
  0.00000000e+00 4.53514739e-03 1.36054422e-03 2.13151927e-02
  8.16326531e-03 8.61678005e-03 0.00000000e+00 3.35600907e-02
  8.61678005e-03 1.81405896e-03]
 [3.32446809e-03 0.00000000e+00 5.61835106e-02 2.82579787e-02
  7.36037234e-01 9.30851064e-03 4.55452128e-02 4.12234043e-02
  3.65691489e-03 1.29654255e-02 4.38829787e-02 7.64627660e-03
  9.97340426e-04 6.64893617e-04 0.00000000e+00 8.64361702e-03
  1.32978723e-03 3.32446809e-04]
 [2.62814539e-01 3.51351351e-01 8.66728798e-02 0.00000000e+00
  1.39794967e-03 2.96365331e-01 4.65983225e-04 9.31966449e-04
  0.00000000e+00 0.00000000e+00 0.00000000e+00 0.00000000e+00
  0.00000000e+00 0.00000000e+00 0.00000000e+00 0.00000000e+00
  0.00000000e+00 0.00000000e+00]
 [1.12866817e-03 0.00000000e+00 4.51467269e-02 1.46162528e-01
  5.02257336e-02 1.01580135e-02 5.88036117e-01 6.54627540e-02
  0.00000000e+00 5.64334086e-03 5.53047404e-02 3.95033860e-03
  2.82167043e-03 1.12866817e-03 0.00000000e+00 1.24153499e-02
  9.02934537e-03 3.38600451e-03]
 [0.00000000e+00 0.00000000e+00 5.41516245e-03 1.35980746e-01
  9.86762936e-02 0.00000000e+00 1.26353791e-01 4.28399519e-01
  1.20336943e-03 2.76774970e-02 8.42358604e-02 2.64741276e-02
  1.20336943e-02 4.21179302e-03 0.00000000e+00 3.00842359e-02
  1.62454874e-02 3.00842359e-03]
 [0.00000000e+00 0.00000000e+00 7.92393027e-03 1.58478605e-02
  1.74326466e-02 0.00000000e+00 1.10935024e-02 1.90174326e-02
  6.56101426e-01 4.75435816e-03 4.75435816e-03 3.48652932e-02
  1.42630745e-02 3.16957211e-03 8.71632330e-02 1.42630745e-02
  9.98415214e-02 9.50871632e-03]
 [0.00000000e+00 0.00000000e+00 0.00000000e+00 5.72519084e-02
  1.18320611e-01 0.00000000e+00 1.10687023e-01 2.78625954e-01
  3.81679389e-03 2.74809160e-01 6.10687023e-02 2.29007634e-02
  2.29007634e-02 0.00000000e+00 7.63358779e-03 1.90839695e-02
  2.29007634e-02 0.00000000e+00]
 [1.49031297e-03 0.00000000e+00 4.02384501e-02 2.08643815e-02
  1.84798808e-01 1.49031297e-03 1.86289121e-01 6.11028316e-02
  0.00000000e+00 8.94187779e-03 4.88822653e-01 0.00000000e+00
  0.00000000e+00 0.00000000e+00 0.00000000e+00 4.47093890e-03
  1.49031297e-03 0.00000000e+00]
 [0.00000000e+00 1.94174757e-03 1.94174757e-03 2.33009709e-02
  1.94174757e-03 0.00000000e+00 3.88349515e-03 1.16504854e-02
  1.94174757e-03 3.88349515e-03 0.00000000e+00 6.48543689e-01
  0.00000000e+00 2.13592233e-02 0.00000000e+00 1.08737864e-01
  1.59223301e-01 1.16504854e-02]
 [0.00000000e+00 0.00000000e+00 0.00000000e+00 4.88888889e-02
  4.44444444e-03 0.00000000e+00 1.33333333e-02 1.28888889e-01
  8.88888889e-03 1.77777778e-02 0.00000000e+00 6.22222222e-02
  4.62222222e-01 4.44444444e-03 1.33333333e-02 6.22222222e-02
  1.37777778e-01 3.55555556e-02]
 [0.00000000e+00 0.00000000e+00 0.00000000e+00 1.49532710e-01
  4.67289720e-03 0.00000000e+00 9.34579439e-03 6.54205607e-02
  0.00000000e+00 1.40186916e-02 0.00000000e+00 2.38317757e-01
  9.34579439e-03 3.13084112e-01 0.00000000e+00 8.87850467e-02
  7.94392523e-02 2.80373832e-02]
 [0.00000000e+00 0.00000000e+00 0.00000000e+00 5.20833333e-03
  5.20833333e-03 0.00000000e+00 0.00000000e+00 0.00000000e+00
  2.23958333e-01 0.00000000e+00 0.00000000e+00 0.00000000e+00
  5.20833333e-03 0.00000000e+00 6.82291667e-01 0.00000000e+00
  5.72916667e-02 2.08333333e-02]
 [0.00000000e+00 0.00000000e+00 0.00000000e+00 5.22875817e-02
  6.53594771e-03 0.00000000e+00 1.30718954e-02 2.61437908e-02
  4.57516340e-02 0.00000000e+00 6.53594771e-03 1.96078431e-01
  1.96078431e-02 1.96078431e-02 2.61437908e-02 2.94117647e-01
  2.22222222e-01 7.18954248e-02]
 [0.00000000e+00 0.00000000e+00 0.00000000e+00 6.94444444e-03
  0.00000000e+00 0.00000000e+00 0.00000000e+00 2.08333333e-02
  4.86111111e-02 0.00000000e+00 6.94444444e-03 7.63888889e-02
  2.77777778e-02 4.86111111e-02 3.40277778e-01 3.47222222e-02
  3.33333333e-01 5.55555556e-02]
 [0.00000000e+00 0.00000000e+00 0.00000000e+00 1.29032258e-01
  1.00806452e-02 0.00000000e+00 5.84677419e-02 3.83064516e-02
  3.62903226e-02 1.00806452e-02 2.01612903e-03 6.04838710e-02
  2.62096774e-02 1.81451613e-02 2.41935484e-02 8.87096774e-02
  1.87500000e-01 3.10483871e-01]]"
