percentage,metric,value
90,loss,1.1181658894134396
90,accuracy,0.56875548192184
90,f1_score,0.5141370020343959
90,confusion_matrix,"[[8.12767985e-01 2.42972844e-02 1.55788471e-01 4.76417342e-04
  0.00000000e+00 5.24059076e-03 0.00000000e+00 0.00000000e+00
  9.52834683e-04 0.00000000e+00 0.00000000e+00 0.00000000e+00
  0.00000000e+00 0.00000000e+00 0.00000000e+00 0.00000000e+00
  0.00000000e+00 4.76417342e-04]
 [8.35479256e-01 8.82212685e-02 3.24272771e-02 4.76871722e-04
  0.00000000e+00 4.33953267e-02 0.00000000e+00 0.00000000e+00
  0.00000000e+00 0.00000000e+00 0.00000000e+00 0.00000000e+00
  0.00000000e+00 0.00000000e+00 0.00000000e+00 0.00000000e+00
  0.00000000e+00 0.00000000e+00]
 [1.76847291e-01 4.92610837e-04 6.66995074e-01 6.00985222e-02
  3.59605911e-02 2.56157635e-02 2.95566502e-02 9.85221675e-04
  0.00000000e+00 0.00000000e+00 2.95566502e-03 0.00000000e+00
  0.00000000e+00 0.00000000e+00 0.00000000e+00 0.00000000e+00
  4.92610837e-04 0.00000000e+00]
 [9.07029478e-04 0.00000000e+00 2.63038549e-02 8.26303855e-01
  8.16326531e-03 4.53514739e-04 3.80952381e-02 3.53741497e-02
  0.00000000e+00 4.53514739e-04 0.00000000e+00 1.08843537e-02
  3.62811791e-03 9.97732426e-03 0.00000000e+00 3.21995465e-02
  4.98866213e-03 2.26757370e-03]
 [3.65691489e-03 0.00000000e+00 5.91755319e-02 3.88962766e-02
  7.23736702e-01 1.39627660e-02 5.21941489e-02 4.08909574e-02
  3.32446809e-03 9.64095745e-03 4.32180851e-02 1.66223404e-03
  1.32978723e-03 6.64893617e-04 0.00000000e+00 6.64893617e-03
  9.97340426e-04 0.00000000e+00]
 [5.67101584e-01 4.79962721e-02 7.36253495e-02 4.65983225e-04
  9.31966449e-04 3.08480895e-01 1.39794967e-03 0.00000000e+00
  0.00000000e+00 0.00000000e+00 0.00000000e+00 0.00000000e+00
  0.00000000e+00 0.00000000e+00 0.00000000e+00 0.00000000e+00
  0.00000000e+00 0.00000000e+00]
 [1.69300226e-03 0.00000000e+00 4.34537246e-02 1.61963883e-01
  3.61173815e-02 1.29796840e-02 6.40519187e-01 4.74040632e-02
  0.00000000e+00 5.64334086e-03 2.42663657e-02 5.64334086e-04
  2.25733634e-03 0.00000000e+00 0.00000000e+00 2.03160271e-02
  2.25733634e-03 5.64334086e-04]
 [0.00000000e+00 0.00000000e+00 6.01684717e-03 1.57641396e-01
  6.55836342e-02 0.00000000e+00 1.46209386e-01 4.88567990e-01
  6.01684717e-04 1.68471721e-02 4.57280385e-02 7.22021661e-03
  8.42358604e-03 3.61010830e-03 6.01684717e-04 3.97111913e-02
  8.42358604e-03 4.81347774e-03]
 [0.00000000e+00 0.00000000e+00 7.92393027e-03 1.26782884e-02
  1.58478605e-02 0.00000000e+00 1.10935024e-02 2.21870048e-02
  6.56101426e-01 3.16957211e-03 1.58478605e-03 3.16957211e-02
  1.90174326e-02 0.00000000e+00 8.39936609e-02 3.32805071e-02
  8.71632330e-02 1.42630745e-02]
 [0.00000000e+00 0.00000000e+00 0.00000000e+00 6.10687023e-02
  1.22137405e-01 0.00000000e+00 1.25954198e-01 2.82442748e-01
  3.81679389e-03 2.97709924e-01 4.19847328e-02 1.90839695e-02
  1.90839695e-02 0.00000000e+00 3.81679389e-03 1.52671756e-02
  7.63358779e-03 0.00000000e+00]
 [2.98062593e-03 0.00000000e+00 4.17287630e-02 1.78837556e-02
  1.29657228e-01 2.98062593e-03 2.47391952e-01 4.17287630e-02
  0.00000000e+00 7.45156483e-03 5.03725782e-01 1.49031297e-03
  0.00000000e+00 0.00000000e+00 0.00000000e+00 2.98062593e-03
  0.00000000e+00 0.00000000e+00]
 [1.94174757e-03 0.00000000e+00 0.00000000e+00 2.52427184e-02
  0.00000000e+00 0.00000000e+00 0.00000000e+00 1.16504854e-02
  0.00000000e+00 1.94174757e-03 1.94174757e-03 6.64077670e-01
  0.00000000e+00 3.10679612e-02 0.00000000e+00 2.00000000e-01
  5.82524272e-02 3.88349515e-03]
 [0.00000000e+00 0.00000000e+00 0.00000000e+00 2.22222222e-02
  0.00000000e+00 0.00000000e+00 8.88888889e-03 1.37777778e-01
  0.00000000e+00 4.44444444e-03 0.00000000e+00 3.11111111e-02
  4.97777778e-01 8.88888889e-03 2.66666667e-02 8.44444444e-02
  1.11111111e-01 6.66666667e-02]
 [0.00000000e+00 0.00000000e+00 0.00000000e+00 7.94392523e-02
  9.34579439e-03 0.00000000e+00 1.86915888e-02 3.73831776e-02
  0.00000000e+00 4.67289720e-03 0.00000000e+00 2.24299065e-01
  0.00000000e+00 3.45794393e-01 0.00000000e+00 1.91588785e-01
  7.94392523e-02 9.34579439e-03]
 [0.00000000e+00 0.00000000e+00 0.00000000e+00 5.20833333e-03
  5.20833333e-03 0.00000000e+00 5.20833333e-03 0.00000000e+00
  1.19791667e-01 0.00000000e+00 0.00000000e+00 0.00000000e+00
  0.00000000e+00 0.00000000e+00 7.81250000e-01 5.20833333e-03
  5.20833333e-02 2.60416667e-02]
 [0.00000000e+00 0.00000000e+00 0.00000000e+00 4.57516340e-02
  0.00000000e+00 0.00000000e+00 0.00000000e+00 3.26797386e-02
  2.61437908e-02 0.00000000e+00 0.00000000e+00 1.17647059e-01
  0.00000000e+00 3.26797386e-02 5.22875817e-02 4.96732026e-01
  1.43790850e-01 5.22875817e-02]
 [0.00000000e+00 0.00000000e+00 0.00000000e+00 6.94444444e-03
  0.00000000e+00 0.00000000e+00 6.94444444e-03 6.94444444e-03
  4.16666667e-02 0.00000000e+00 0.00000000e+00 8.33333333e-02
  1.38888889e-02 5.55555556e-02 2.70833333e-01 6.25000000e-02
  3.05555556e-01 1.45833333e-01]
 [0.00000000e+00 0.00000000e+00 0.00000000e+00 1.29032258e-01
  2.01612903e-03 0.00000000e+00 7.05645161e-02 5.44354839e-02
  1.61290323e-02 6.04838710e-03 2.01612903e-03 4.83870968e-02
  1.41129032e-02 1.20967742e-02 6.04838710e-03 9.87903226e-02
  1.55241935e-01 3.85080645e-01]]"
