percentage,metric,value
100,loss,0.543867719693955
100,accuracy,0.8432413994737356
100,f1_score,0.7894020917128982
100,confusion_matrix,"[[7.93711291e-01 8.62315388e-02 7.62267747e-02 1.42925202e-03
  2.85850405e-03 3.62077180e-02 1.42925202e-03 0.00000000e+00
  9.52834683e-04 4.76417342e-04 0.00000000e+00 0.00000000e+00
  0.00000000e+00 0.00000000e+00 0.00000000e+00 0.00000000e+00
  0.00000000e+00 4.76417342e-04]
 [1.59752027e-01 6.82403433e-01 5.29327611e-02 4.76871722e-04
  0.00000000e+00 1.03958035e-01 4.76871722e-04 0.00000000e+00
  0.00000000e+00 0.00000000e+00 0.00000000e+00 0.00000000e+00
  0.00000000e+00 0.00000000e+00 0.00000000e+00 0.00000000e+00
  0.00000000e+00 0.00000000e+00]
 [3.05418719e-02 1.03448276e-02 8.40886700e-01 4.72906404e-02
  1.37931034e-02 1.77339901e-02 2.56157635e-02 2.46305419e-03
  4.92610837e-04 0.00000000e+00 1.03448276e-02 0.00000000e+00
  0.00000000e+00 0.00000000e+00 4.92610837e-04 0.00000000e+00
  0.00000000e+00 0.00000000e+00]
 [9.07029478e-04 0.00000000e+00 5.44217687e-03 9.00680272e-01
  3.62811791e-03 0.00000000e+00 1.85941043e-02 1.63265306e-02
  0.00000000e+00 0.00000000e+00 0.00000000e+00 6.80272109e-03
  6.34920635e-03 8.61678005e-03 0.00000000e+00 1.04308390e-02
  1.95011338e-02 2.72108844e-03]
 [1.99468085e-03 0.00000000e+00 1.06382979e-02 9.64095745e-03
  9.34175532e-01 9.97340426e-04 1.59574468e-02 8.64361702e-03
  3.98936170e-03 1.66223404e-03 1.09707447e-02 9.97340426e-04
  0.00000000e+00 0.00000000e+00 0.00000000e+00 0.00000000e+00
  3.32446809e-04 0.00000000e+00]
 [6.89655172e-02 1.38397018e-01 2.05032619e-02 4.65983225e-04
  2.79589935e-03 7.67008388e-01 1.39794967e-03 0.00000000e+00
  0.00000000e+00 0.00000000e+00 0.00000000e+00 4.65983225e-04
  0.00000000e+00 0.00000000e+00 0.00000000e+00 0.00000000e+00
  0.00000000e+00 0.00000000e+00]
 [5.64334086e-04 0.00000000e+00 5.64334086e-03 1.24153499e-02
  2.82167043e-03 1.69300226e-03 9.52595937e-01 1.52370203e-02
  5.64334086e-04 0.00000000e+00 5.07900677e-03 1.12866817e-03
  0.00000000e+00 0.00000000e+00 1.12866817e-03 1.12866817e-03
  0.00000000e+00 0.00000000e+00]
 [6.01684717e-04 0.00000000e+00 6.01684717e-04 1.26353791e-02
  5.41516245e-03 0.00000000e+00 4.87364621e-02 8.99518652e-01
  1.20336943e-03 1.02286402e-02 9.02527076e-03 6.01684717e-04
  6.01684717e-04 0.00000000e+00 1.80505415e-03 7.22021661e-03
  6.01684717e-04 1.20336943e-03]
 [0.00000000e+00 0.00000000e+00 0.00000000e+00 4.75435816e-03
  6.33914422e-03 0.00000000e+00 1.58478605e-03 1.26782884e-02
  9.68304279e-01 1.58478605e-03 0.00000000e+00 1.58478605e-03
  1.58478605e-03 0.00000000e+00 1.58478605e-03 0.00000000e+00
  0.00000000e+00 0.00000000e+00]
 [0.00000000e+00 0.00000000e+00 0.00000000e+00 7.63358779e-03
  2.29007634e-02 0.00000000e+00 1.90839695e-02 8.39694656e-02
  1.90839695e-02 8.28244275e-01 3.81679389e-03 0.00000000e+00
  0.00000000e+00 0.00000000e+00 1.14503817e-02 3.81679389e-03
  0.00000000e+00 0.00000000e+00]
 [0.00000000e+00 0.00000000e+00 1.93740686e-02 0.00000000e+00
  2.23546945e-02 5.96125186e-03 9.83606557e-02 1.04321908e-02
  2.98062593e-03 1.63934426e-02 8.24143070e-01 0.00000000e+00
  0.00000000e+00 0.00000000e+00 0.00000000e+00 0.00000000e+00
  0.00000000e+00 0.00000000e+00]
 [1.94174757e-03 0.00000000e+00 0.00000000e+00 1.16504854e-02
  0.00000000e+00 0.00000000e+00 0.00000000e+00 3.88349515e-03
  1.94174757e-03 0.00000000e+00 1.94174757e-03 7.84466019e-01
  0.00000000e+00 3.88349515e-03 0.00000000e+00 1.78640777e-01
  1.16504854e-02 0.00000000e+00]
 [0.00000000e+00 0.00000000e+00 0.00000000e+00 4.44444444e-03
  0.00000000e+00 0.00000000e+00 4.44444444e-03 4.44444444e-03
  0.00000000e+00 0.00000000e+00 0.00000000e+00 4.44444444e-03
  9.15555556e-01 0.00000000e+00 4.44444444e-03 0.00000000e+00
  6.22222222e-02 0.00000000e+00]
 [0.00000000e+00 0.00000000e+00 0.00000000e+00 9.34579439e-03
  0.00000000e+00 0.00000000e+00 0.00000000e+00 2.33644860e-02
  0.00000000e+00 0.00000000e+00 0.00000000e+00 3.27102804e-02
  9.34579439e-03 4.01869159e-01 0.00000000e+00 2.14953271e-01
  3.08411215e-01 0.00000000e+00]
 [0.00000000e+00 0.00000000e+00 0.00000000e+00 0.00000000e+00
  0.00000000e+00 0.00000000e+00 0.00000000e+00 0.00000000e+00
  1.56250000e-02 5.20833333e-03 0.00000000e+00 0.00000000e+00
  0.00000000e+00 0.00000000e+00 9.42708333e-01 5.20833333e-03
  2.60416667e-02 5.20833333e-03]
 [0.00000000e+00 0.00000000e+00 0.00000000e+00 0.00000000e+00
  0.00000000e+00 0.00000000e+00 0.00000000e+00 0.00000000e+00
  0.00000000e+00 0.00000000e+00 0.00000000e+00 0.00000000e+00
  1.30718954e-02 0.00000000e+00 1.56862745e-01 7.45098039e-01
  2.61437908e-02 5.88235294e-02]
 [0.00000000e+00 0.00000000e+00 0.00000000e+00 0.00000000e+00
  0.00000000e+00 0.00000000e+00 0.00000000e+00 0.00000000e+00
  0.00000000e+00 0.00000000e+00 0.00000000e+00 6.94444444e-03
  6.94444444e-03 6.94444444e-03 4.72222222e-01 6.94444444e-03
  3.95833333e-01 1.04166667e-01]
 [0.00000000e+00 0.00000000e+00 0.00000000e+00 1.20967742e-02
  0.00000000e+00 0.00000000e+00 3.02419355e-02 1.41129032e-02
  0.00000000e+00 0.00000000e+00 2.01612903e-03 4.03225806e-03
  4.03225806e-03 0.00000000e+00 8.06451613e-03 4.03225806e-03
  2.01612903e-02 9.01209677e-01]]"
